poln    freq        ndmp   nbin     value
  0 1450.000000      0      0       1.9784
  0 1450.000000      0      1       1.5451
  0 1450.000000      0      2       0.7755
  0 1450.000000      0      3       0.2688
  0 1450.000000      0      4       0.0530
  0 1450.000000      0      5      -0.0155
  0 1450.000000      0      6      -0.0304
  0 1450.000000      0      7      -0.0298
  0 1450.000000      0      8      -0.0286
  0 1450.000000      0      9      -0.0260
  0 1450.000000      0     10      -0.0279
  0 1450.000000      0     11      -0.0154
  0 1450.000000      0     12      -0.0205
  0 1450.000000      0     13      -0.0195
  0 1450.000000      0     14      -0.0148
  0 1450.000000      0     15      -0.0094
  0 1450.000000      0     16      -0.0073
  0 1450.000000      0     17      -0.0134
  0 1450.000000      0     18      -0.0124
  0 1450.000000      0     19       0.0011
  0 1450.000000      0     20      -0.0088
  0 1450.000000      0     21       0.0032
  0 1450.000000      0     22      -0.0026
  0 1450.000000      0     23      -0.0026
  0 1450.000000      0     24      -0.0000
  0 1450.000000      0     25       0.0014
  0 1450.000000      0     26       0.0024
  0 1450.000000      0     27       0.0017
  0 1450.000000      0     28       0.0051
  0 1450.000000      0     29       0.0013
  0 1450.000000      0     30      -0.0016
  0 1450.000000      0     31       0.0073
  0 1450.000000      0     32       0.0054
  0 1450.000000      0     33       0.0068
  0 1450.000000      0     34       0.0024
  0 1450.000000      0     35       0.0087
  0 1450.000000      0     36       0.0096
  0 1450.000000      0     37       0.0054
  0 1450.000000      0     38       0.0135
  0 1450.000000      0     39       0.0048
  0 1450.000000      0     40       0.0011
  0 1450.000000      0     41       0.0120
  0 1450.000000      0     42       0.0048
  0 1450.000000      0     43       0.0046
  0 1450.000000      0     44       0.0083
  0 1450.000000      0     45       0.0148
  0 1450.000000      0     46       0.0051
  0 1450.000000      0     47       0.0079
  0 1450.000000      0     48       0.0051
  0 1450.000000      0     49       0.0053
  0 1450.000000      0     50       0.0041
  0 1450.000000      0     51       0.0053
  0 1450.000000      0     52       0.0133
  0 1450.000000      0     53       0.0087
  0 1450.000000      0     54       0.0014
  0 1450.000000      0     55       0.0052
  0 1450.000000      0     56       0.0004
  0 1450.000000      0     57      -0.0013
  0 1450.000000      0     58      -0.0041
  0 1450.000000      0     59       0.0020
  0 1450.000000      0     60      -0.0024
  0 1450.000000      0     61       0.0005
  0 1450.000000      0     62       0.0060
  0 1450.000000      0     63       0.0027
  0 1450.000000      0     64      -0.0023
  0 1450.000000      0     65       0.0015
  0 1450.000000      0     66       0.0085
  0 1450.000000      0     67       0.0078
  0 1450.000000      0     68       0.0001
  0 1450.000000      0     69       0.0139
  0 1450.000000      0     70      -0.0072
  0 1450.000000      0     71      -0.0039
  0 1450.000000      0     72      -0.0006
  0 1450.000000      0     73       0.0030
  0 1450.000000      0     74      -0.0036
  0 1450.000000      0     75      -0.0049
  0 1450.000000      0     76      -0.0018
  0 1450.000000      0     77       0.0073
  0 1450.000000      0     78      -0.0042
  0 1450.000000      0     79      -0.0044
  0 1450.000000      0     80      -0.0053
  0 1450.000000      0     81      -0.0065
  0 1450.000000      0     82      -0.0019
  0 1450.000000      0     83       0.0051
  0 1450.000000      0     84      -0.0036
  0 1450.000000      0     85      -0.0011
  0 1450.000000      0     86       0.0014
  0 1450.000000      0     87       0.0034
  0 1450.000000      0     88       0.0092
  0 1450.000000      0     89      -0.0080
  0 1450.000000      0     90      -0.0001
  0 1450.000000      0     91      -0.0001
  0 1450.000000      0     92       0.0077
  0 1450.000000      0     93       0.0018
  0 1450.000000      0     94      -0.0005
  0 1450.000000      0     95       0.0009
  0 1450.000000      0     96       0.0017
  0 1450.000000      0     97       0.0034
  0 1450.000000      0     98       0.0038
  0 1450.000000      0     99      -0.0004
  0 1450.000000      0    100       0.0022
  0 1450.000000      0    101       0.0000
  0 1450.000000      0    102      -0.0093
  0 1450.000000      0    103      -0.0051
  0 1450.000000      0    104      -0.0099
  0 1450.000000      0    105      -0.0042
  0 1450.000000      0    106      -0.0064
  0 1450.000000      0    107       0.0023
  0 1450.000000      0    108       0.0001
  0 1450.000000      0    109       0.0013
  0 1450.000000      0    110       0.0039
  0 1450.000000      0    111       0.0016
  0 1450.000000      0    112      -0.0009
  0 1450.000000      0    113       0.0020
  0 1450.000000      0    114      -0.0030
  0 1450.000000      0    115      -0.0099
  0 1450.000000      0    116       0.0008
  0 1450.000000      0    117      -0.0017
  0 1450.000000      0    118       0.0098
  0 1450.000000      0    119       0.0040
  0 1450.000000      0    120       0.0029
  0 1450.000000      0    121      -0.0038
  0 1450.000000      0    122       0.0031
  0 1450.000000      0    123      -0.0025
  0 1450.000000      0    124       0.0013
  0 1450.000000      0    125      -0.0077
  0 1450.000000      0    126       0.0000
  0 1450.000000      0    127       0.0040
  0 1450.000000      0    128      -0.0059
  0 1450.000000      0    129       0.0045
  0 1450.000000      0    130       0.0058
  0 1450.000000      0    131      -0.0014
  0 1450.000000      0    132       0.0070
  0 1450.000000      0    133      -0.0018
  0 1450.000000      0    134      -0.0016
  0 1450.000000      0    135      -0.0000
  0 1450.000000      0    136      -0.0016
  0 1450.000000      0    137       0.0011
  0 1450.000000      0    138      -0.0015
  0 1450.000000      0    139      -0.0047
  0 1450.000000      0    140       0.0052
  0 1450.000000      0    141       0.0038
  0 1450.000000      0    142       0.0029
  0 1450.000000      0    143       0.0003
  0 1450.000000      0    144      -0.0017
  0 1450.000000      0    145       0.0037
  0 1450.000000      0    146      -0.0012
  0 1450.000000      0    147      -0.0062
  0 1450.000000      0    148      -0.0048
  0 1450.000000      0    149       0.0010
  0 1450.000000      0    150      -0.0087
  0 1450.000000      0    151      -0.0037
  0 1450.000000      0    152       0.0079
  0 1450.000000      0    153       0.0007
  0 1450.000000      0    154       0.0007
  0 1450.000000      0    155      -0.0067
  0 1450.000000      0    156      -0.0095
  0 1450.000000      0    157       0.0032
  0 1450.000000      0    158      -0.0014
  0 1450.000000      0    159       0.0003
  0 1450.000000      0    160       0.0021
  0 1450.000000      0    161       0.0019
  0 1450.000000      0    162      -0.0003
  0 1450.000000      0    163      -0.0004
  0 1450.000000      0    164      -0.0061
  0 1450.000000      0    165      -0.0095
  0 1450.000000      0    166      -0.0052
  0 1450.000000      0    167      -0.0022
  0 1450.000000      0    168      -0.0036
  0 1450.000000      0    169      -0.0057
  0 1450.000000      0    170      -0.0016
  0 1450.000000      0    171      -0.0041
  0 1450.000000      0    172       0.0002
  0 1450.000000      0    173      -0.0032
  0 1450.000000      0    174      -0.0029
  0 1450.000000      0    175       0.0002
  0 1450.000000      0    176      -0.0042
  0 1450.000000      0    177      -0.0047
  0 1450.000000      0    178      -0.0019
  0 1450.000000      0    179      -0.0025
  0 1450.000000      0    180      -0.0049
  0 1450.000000      0    181      -0.0055
  0 1450.000000      0    182       0.0039
  0 1450.000000      0    183      -0.0059
  0 1450.000000      0    184      -0.0036
  0 1450.000000      0    185      -0.0058
  0 1450.000000      0    186      -0.0042
  0 1450.000000      0    187       0.0000
  0 1450.000000      0    188       0.0034
  0 1450.000000      0    189       0.0015
  0 1450.000000      0    190      -0.0006
  0 1450.000000      0    191       0.0030
  0 1450.000000      0    192      -0.0049
  0 1450.000000      0    193       0.0043
  0 1450.000000      0    194       0.0041
  0 1450.000000      0    195      -0.0004
  0 1450.000000      0    196      -0.0028
  0 1450.000000      0    197      -0.0114
  0 1450.000000      0    198      -0.0022
  0 1450.000000      0    199       0.0063
  0 1450.000000      0    200      -0.0007
  0 1450.000000      0    201       0.0011
  0 1450.000000      0    202      -0.0002
  0 1450.000000      0    203      -0.0008
  0 1450.000000      0    204      -0.0056
  0 1450.000000      0    205      -0.0011
  0 1450.000000      0    206      -0.0029
  0 1450.000000      0    207      -0.0016
  0 1450.000000      0    208       0.0036
  0 1450.000000      0    209      -0.0024
  0 1450.000000      0    210       0.0063
  0 1450.000000      0    211       0.0022
  0 1450.000000      0    212       0.0051
  0 1450.000000      0    213       0.0058
  0 1450.000000      0    214       0.0162
  0 1450.000000      0    215       0.0265
  0 1450.000000      0    216       0.0198
  0 1450.000000      0    217       0.0250
  0 1450.000000      0    218       0.0279
  0 1450.000000      0    219       0.0457
  0 1450.000000      0    220       0.0306
  0 1450.000000      0    221       0.0463
  0 1450.000000      0    222       0.0539
  0 1450.000000      0    223       0.0754
  0 1450.000000      0    224       0.0795
  0 1450.000000      0    225       0.0989
  0 1450.000000      0    226       0.1183
  0 1450.000000      0    227       0.1449
  0 1450.000000      0    228       0.1959
  0 1450.000000      0    229       0.2325
  0 1450.000000      0    230       0.2682
  0 1450.000000      0    231       0.2951
  0 1450.000000      0    232       0.3424
  0 1450.000000      0    233       0.3846
  0 1450.000000      0    234       0.4193
  0 1450.000000      0    235       0.4718
  0 1450.000000      0    236       0.5211
  0 1450.000000      0    237       0.5877
  0 1450.000000      0    238       0.6365
  0 1450.000000      0    239       0.6982
  0 1450.000000      0    240       0.7699
  0 1450.000000      0    241       0.8633
  0 1450.000000      0    242       0.9763
  0 1450.000000      0    243       1.1221
  0 1450.000000      0    244       1.2704
  0 1450.000000      0    245       1.4002
  0 1450.000000      0    246       1.5865
  0 1450.000000      0    247       1.8080
  0 1450.000000      0    248       1.7189
  0 1450.000000      0    249       1.4527
  0 1450.000000      0    250       1.3220
  0 1450.000000      0    251       1.2455
  0 1450.000000      0    252       1.1376
  0 1450.000000      0    253       1.0425
  0 1450.000000      0    254       1.2036
  0 1450.000000      0    255       1.7043
