poln    freq        ndmp   nbin     value
  0 372.500000      0      0       1.3661
  0 372.500000      0      1       1.1713
  0 372.500000      0      2       0.9607
  0 372.500000      0      3       0.6837
  0 372.500000      0      4       0.3633
  0 372.500000      0      5       0.2650
  0 372.500000      0      6       0.1505
  0 372.500000      0      7       0.0907
  0 372.500000      0      8       0.0805
  0 372.500000      0      9       0.0409
  0 372.500000      0     10      -0.0256
  0 372.500000      0     11      -0.0262
  0 372.500000      0     12      -0.0313
  0 372.500000      0     13       0.0144
  0 372.500000      0     14       0.0373
  0 372.500000      0     15       0.0029
  0 372.500000      0     16      -0.0279
  0 372.500000      0     17       0.0024
  0 372.500000      0     18      -0.0136
  0 372.500000      0     19       0.0022
  0 372.500000      0     20       0.0104
  0 372.500000      0     21       0.0479
  0 372.500000      0     22       0.0129
  0 372.500000      0     23       0.0201
  0 372.500000      0     24       0.0203
  0 372.500000      0     25       0.0241
  0 372.500000      0     26       0.0152
  0 372.500000      0     27      -0.0326
  0 372.500000      0     28      -0.0004
  0 372.500000      0     29      -0.0219
  0 372.500000      0     30       0.0431
  0 372.500000      0     31      -0.0258
  0 372.500000      0     32      -0.0016
  0 372.500000      0     33      -0.0034
  0 372.500000      0     34       0.0120
  0 372.500000      0     35      -0.0245
  0 372.500000      0     36      -0.0017
  0 372.500000      0     37       0.0294
  0 372.500000      0     38      -0.0034
  0 372.500000      0     39       0.0027
  0 372.500000      0     40       0.0696
  0 372.500000      0     41      -0.0011
  0 372.500000      0     42      -0.0178
  0 372.500000      0     43       0.0287
  0 372.500000      0     44      -0.0227
  0 372.500000      0     45      -0.0203
  0 372.500000      0     46      -0.0252
  0 372.500000      0     47      -0.0134
  0 372.500000      0     48      -0.0161
  0 372.500000      0     49      -0.0018
  0 372.500000      0     50      -0.0302
  0 372.500000      0     51       0.0163
  0 372.500000      0     52       0.0536
  0 372.500000      0     53       0.0119
  0 372.500000      0     54       0.0081
  0 372.500000      0     55       0.0079
  0 372.500000      0     56       0.0126
  0 372.500000      0     57       0.0049
  0 372.500000      0     58      -0.0386
  0 372.500000      0     59       0.0138
  0 372.500000      0     60      -0.0298
  0 372.500000      0     61      -0.0375
  0 372.500000      0     62      -0.0336
  0 372.500000      0     63       0.0328
  0 372.500000      0     64      -0.0126
  0 372.500000      0     65      -0.0327
  0 372.500000      0     66      -0.0001
  0 372.500000      0     67      -0.0260
  0 372.500000      0     68       0.0016
  0 372.500000      0     69       0.0098
  0 372.500000      0     70       0.0171
  0 372.500000      0     71       0.0427
  0 372.500000      0     72      -0.0208
  0 372.500000      0     73      -0.0735
  0 372.500000      0     74      -0.0117
  0 372.500000      0     75       0.0256
  0 372.500000      0     76      -0.0185
  0 372.500000      0     77       0.0006
  0 372.500000      0     78       0.0150
  0 372.500000      0     79       0.0117
  0 372.500000      0     80       0.0007
  0 372.500000      0     81      -0.0161
  0 372.500000      0     82       0.0020
  0 372.500000      0     83       0.0029
  0 372.500000      0     84      -0.0154
  0 372.500000      0     85      -0.0104
  0 372.500000      0     86      -0.0301
  0 372.500000      0     87       0.0019
  0 372.500000      0     88       0.0238
  0 372.500000      0     89       0.0158
  0 372.500000      0     90      -0.0477
  0 372.500000      0     91       0.0374
  0 372.500000      0     92      -0.0515
  0 372.500000      0     93      -0.0194
  0 372.500000      0     94       0.0185
  0 372.500000      0     95      -0.0270
  0 372.500000      0     96      -0.0085
  0 372.500000      0     97       0.0004
  0 372.500000      0     98      -0.0475
  0 372.500000      0     99       0.0224
  0 372.500000      0    100      -0.0188
  0 372.500000      0    101      -0.0324
  0 372.500000      0    102       0.0219
  0 372.500000      0    103      -0.0024
  0 372.500000      0    104      -0.0068
  0 372.500000      0    105      -0.0166
  0 372.500000      0    106       0.0208
  0 372.500000      0    107      -0.0136
  0 372.500000      0    108      -0.0184
  0 372.500000      0    109      -0.0081
  0 372.500000      0    110      -0.0178
  0 372.500000      0    111       0.0119
  0 372.500000      0    112      -0.0097
  0 372.500000      0    113       0.0181
  0 372.500000      0    114      -0.0583
  0 372.500000      0    115      -0.0453
  0 372.500000      0    116       0.0187
  0 372.500000      0    117      -0.0079
  0 372.500000      0    118      -0.0660
  0 372.500000      0    119       0.0169
  0 372.500000      0    120       0.0033
  0 372.500000      0    121       0.0112
  0 372.500000      0    122      -0.0372
  0 372.500000      0    123      -0.0740
  0 372.500000      0    124      -0.0188
  0 372.500000      0    125      -0.0273
  0 372.500000      0    126       0.0168
  0 372.500000      0    127       0.0218
  0 372.500000      0    128      -0.0488
  0 372.500000      0    129      -0.0005
  0 372.500000      0    130      -0.0088
  0 372.500000      0    131      -0.0037
  0 372.500000      0    132       0.0070
  0 372.500000      0    133      -0.0162
  0 372.500000      0    134      -0.0051
  0 372.500000      0    135      -0.0239
  0 372.500000      0    136      -0.0200
  0 372.500000      0    137      -0.0325
  0 372.500000      0    138       0.0301
  0 372.500000      0    139       0.0116
  0 372.500000      0    140       0.0025
  0 372.500000      0    141      -0.0233
  0 372.500000      0    142       0.0338
  0 372.500000      0    143      -0.0819
  0 372.500000      0    144      -0.0238
  0 372.500000      0    145      -0.0184
  0 372.500000      0    146       0.0053
  0 372.500000      0    147      -0.0274
  0 372.500000      0    148       0.0017
  0 372.500000      0    149       0.0712
  0 372.500000      0    150       0.0164
  0 372.500000      0    151      -0.0066
  0 372.500000      0    152      -0.0070
  0 372.500000      0    153       0.0135
  0 372.500000      0    154       0.0008
  0 372.500000      0    155      -0.0405
  0 372.500000      0    156      -0.0048
  0 372.500000      0    157      -0.0351
  0 372.500000      0    158       0.0529
  0 372.500000      0    159       0.0393
  0 372.500000      0    160       0.0112
  0 372.500000      0    161      -0.0012
  0 372.500000      0    162       0.0202
  0 372.500000      0    163      -0.0134
  0 372.500000      0    164       0.0195
  0 372.500000      0    165       0.0399
  0 372.500000      0    166       0.0182
  0 372.500000      0    167      -0.0240
  0 372.500000      0    168       0.0325
  0 372.500000      0    169      -0.0017
  0 372.500000      0    170       0.0285
  0 372.500000      0    171       0.0111
  0 372.500000      0    172      -0.0002
  0 372.500000      0    173      -0.0246
  0 372.500000      0    174       0.0070
  0 372.500000      0    175       0.0236
  0 372.500000      0    176       0.0352
  0 372.500000      0    177      -0.0148
  0 372.500000      0    178       0.0169
  0 372.500000      0    179       0.0219
  0 372.500000      0    180       0.0232
  0 372.500000      0    181      -0.0506
  0 372.500000      0    182       0.0029
  0 372.500000      0    183       0.0331
  0 372.500000      0    184      -0.0461
  0 372.500000      0    185       0.0262
  0 372.500000      0    186       0.0578
  0 372.500000      0    187       0.0100
  0 372.500000      0    188      -0.0106
  0 372.500000      0    189      -0.0159
  0 372.500000      0    190       0.0105
  0 372.500000      0    191      -0.0077
  0 372.500000      0    192      -0.0227
  0 372.500000      0    193       0.0443
  0 372.500000      0    194      -0.0025
  0 372.500000      0    195       0.0037
  0 372.500000      0    196       0.0349
  0 372.500000      0    197       0.0254
  0 372.500000      0    198       0.0270
  0 372.500000      0    199       0.0306
  0 372.500000      0    200      -0.0034
  0 372.500000      0    201      -0.0002
  0 372.500000      0    202       0.0161
  0 372.500000      0    203      -0.0099
  0 372.500000      0    204       0.0121
  0 372.500000      0    205       0.0258
  0 372.500000      0    206       0.0445
  0 372.500000      0    207       0.0102
  0 372.500000      0    208       0.0157
  0 372.500000      0    209      -0.0587
  0 372.500000      0    210       0.0263
  0 372.500000      0    211       0.0304
  0 372.500000      0    212       0.0418
  0 372.500000      0    213       0.0002
  0 372.500000      0    214       0.0504
  0 372.500000      0    215      -0.0233
  0 372.500000      0    216       0.0257
  0 372.500000      0    217       0.0627
  0 372.500000      0    218       0.0386
  0 372.500000      0    219       0.0888
  0 372.500000      0    220       0.0821
  0 372.500000      0    221       0.1365
  0 372.500000      0    222       0.1239
  0 372.500000      0    223       0.1876
  0 372.500000      0    224       0.2293
  0 372.500000      0    225       0.2100
  0 372.500000      0    226       0.2781
  0 372.500000      0    227       0.3165
  0 372.500000      0    228       0.3274
  0 372.500000      0    229       0.3795
  0 372.500000      0    230       0.4629
  0 372.500000      0    231       0.5257
  0 372.500000      0    232       0.5919
  0 372.500000      0    233       0.5597
  0 372.500000      0    234       0.6463
  0 372.500000      0    235       0.6547
  0 372.500000      0    236       0.6996
  0 372.500000      0    237       0.8207
  0 372.500000      0    238       0.8308
  0 372.500000      0    239       0.8906
  0 372.500000      0    240       1.0387
  0 372.500000      0    241       1.1257
  0 372.500000      0    242       1.2454
  0 372.500000      0    243       1.4447
  0 372.500000      0    244       1.5587
  0 372.500000      0    245       1.7123
  0 372.500000      0    246       1.8394
  0 372.500000      0    247       1.9394
  0 372.500000      0    248       1.9743
  0 372.500000      0    249       1.9074
  0 372.500000      0    250       1.7428
  0 372.500000      0    251       1.5392
  0 372.500000      0    252       1.3494
  0 372.500000      0    253       1.2883
  0 372.500000      0    254       1.3222
  0 372.500000      0    255       1.2957
