 2.4 51 35699 54915 0.00448474 1713+07         0  0.004570218200421   128    1
   1300.00000 150.00000    15.9919996 343201.888973     1.0 0.1195E+01 0.1100E+01
      1.9633      1.6427      1.2380      0.8913      0.6278      0.4184
      0.2683      0.1657      0.1044      0.0615      0.0351      0.0236
      0.0231      0.0185      0.0290      0.0309      0.0346      0.0324
      0.0221      0.0130      0.0003     -0.0050     -0.0049      0.0001
      0.0035      0.0007     -0.0102      0.0029     -0.0003     -0.0085
     -0.0102     -0.0057     -0.0058      0.0001     -0.0089     -0.0020
     -0.0010      0.0032      0.0001      0.0015      0.0033     -0.0056
      0.0016     -0.0049     -0.0114     -0.0068     -0.0011      0.0084
      0.0048      0.0012     -0.0001     -0.0013     -0.0029     -0.0086
     -0.0061     -0.0037      0.0053     -0.0072     -0.0006     -0.0047
      0.0045      0.0014     -0.0031     -0.0030      0.0005     -0.0066
     -0.0042     -0.0053      0.0009     -0.0080      0.0021     -0.0046
      0.0013      0.0026      0.0064     -0.0077     -0.0093      0.0001
     -0.0054     -0.0005     -0.0020      0.0049      0.0042      0.0120
     -0.0002      0.0052     -0.0114     -0.0040     -0.0054      0.0027
     -0.0031     -0.0023     -0.0015      0.0112      0.0045      0.0060
      0.0006      0.0055      0.0029      0.0058     -0.0031      0.0104
      0.0042      0.0106      0.0177      0.0111      0.0092      0.0083
     -0.0021      0.0079      0.0031     -0.0021      0.0057      0.0076
      0.0257      0.0549      0.0945      0.1327      0.1353      0.1165
      0.1085      0.1289      0.1822      0.2594      0.3854      0.6477
      1.1517      1.7739      0.0000      0.0000      0.0000      0.0000
