 2.4 51 35699 54915 0.00448474 1713+07         0  0.004570218200421    64    1
   1300.00000 150.00000    15.9919996 686403.777946     1.0 0.1195E+01 0.1100E+01
      3.6060      2.1293      1.0462      0.4340      0.1660      0.0586
      0.0416      0.0599      0.0670      0.0351     -0.0047     -0.0048
      0.0042     -0.0073     -0.0087     -0.0159     -0.0056     -0.0109
      0.0022      0.0016     -0.0023     -0.0033     -0.0181      0.0073
      0.0060     -0.0014     -0.0114     -0.0098     -0.0019     -0.0052
      0.0060     -0.0060     -0.0060     -0.0095     -0.0071     -0.0025
      0.0039     -0.0014     -0.0092     -0.0059      0.0029      0.0162
      0.0051     -0.0154     -0.0027     -0.0054      0.0097      0.0105
      0.0061      0.0088      0.0073      0.0148      0.0288      0.0175
      0.0058      0.0010      0.0133      0.0806      0.2271      0.2518
      0.2375      0.4416      1.0331      2.9256      0.0000      0.0000
