poln    freq        ndmp   nbin     value
  0 1450.000000      0      0       1.9690
  0 1450.000000      0      1       1.9184
  0 1450.000000      0      2       1.8778
  0 1450.000000      0      3       1.7442
  0 1450.000000      0      4       1.3394
  0 1450.000000      0      5       0.8949
  0 1450.000000      0      6       0.8313
  0 1450.000000      0      7       1.2584
  0 1450.000000      0      8       1.2791
  0 1450.000000      0      9       0.7400
  0 1450.000000      0     10       0.3571
  0 1450.000000      0     11       0.1652
  0 1450.000000      0     12       0.0738
  0 1450.000000      0     13       0.0659
  0 1450.000000      0     14       0.0337
  0 1450.000000      0     15       0.0125
  0 1450.000000      0     16       0.0070
  0 1450.000000      0     17       0.0075
  0 1450.000000      0     18       0.0011
  0 1450.000000      0     19      -0.0089
  0 1450.000000      0     20      -0.0251
  0 1450.000000      0     21      -0.0049
  0 1450.000000      0     22       0.0164
  0 1450.000000      0     23      -0.0085
  0 1450.000000      0     24      -0.0230
  0 1450.000000      0     25      -0.0050
  0 1450.000000      0     26      -0.0169
  0 1450.000000      0     27      -0.0094
  0 1450.000000      0     28       0.0083
  0 1450.000000      0     29      -0.0182
  0 1450.000000      0     30       0.0094
  0 1450.000000      0     31      -0.0114
  0 1450.000000      0     32      -0.0072
  0 1450.000000      0     33       0.0016
  0 1450.000000      0     34      -0.0153
  0 1450.000000      0     35       0.0033
  0 1450.000000      0     36      -0.0069
  0 1450.000000      0     37      -0.0070
  0 1450.000000      0     38      -0.0033
  0 1450.000000      0     39      -0.0221
  0 1450.000000      0     40      -0.0216
  0 1450.000000      0     41       0.0017
  0 1450.000000      0     42       0.0002
  0 1450.000000      0     43      -0.0038
  0 1450.000000      0     44      -0.0197
  0 1450.000000      0     45       0.0158
  0 1450.000000      0     46      -0.0030
  0 1450.000000      0     47       0.0111
  0 1450.000000      0     48       0.0180
  0 1450.000000      0     49       0.0177
  0 1450.000000      0     50       0.0224
  0 1450.000000      0     51       0.0199
  0 1450.000000      0     52       0.0238
  0 1450.000000      0     53       0.0298
  0 1450.000000      0     54       0.0868
  0 1450.000000      0     55       0.2340
  0 1450.000000      0     56       0.4767
  0 1450.000000      0     57       0.7278
  0 1450.000000      0     58       0.8190
  0 1450.000000      0     59       0.7186
  0 1450.000000      0     60       0.5068
  0 1450.000000      0     61       0.4446
  0 1450.000000      0     62       0.7441
  0 1450.000000      0     63       1.7280
