poln    freq        ndmp   nbin     value
  0 1450.000000      0      0       1.0000
  0 1450.000000      0      1       0.9599
  0 1450.000000      0      2       0.9136
  0 1450.000000      0      3       0.8677
  0 1450.000000      0      4       0.8219
  0 1450.000000      0      5       0.7774
  0 1450.000000      0      6       0.7301
  0 1450.000000      0      7       0.7090
  0 1450.000000      0      8       0.7010
  0 1450.000000      0      9       0.7167
  0 1450.000000      0     10       0.7488
  0 1450.000000      0     11       0.7636
  0 1450.000000      0     12       0.7951
  0 1450.000000      0     13       0.7959
  0 1450.000000      0     14       0.7346
  0 1450.000000      0     15       0.5613
  0 1450.000000      0     16       0.3708
  0 1450.000000      0     17       0.2369
  0 1450.000000      0     18       0.1594
  0 1450.000000      0     19       0.1104
  0 1450.000000      0     20       0.0697
  0 1450.000000      0     21       0.0508
  0 1450.000000      0     22       0.0271
  0 1450.000000      0     23       0.0182
  0 1450.000000      0     24       0.0115
  0 1450.000000      0     25       0.0136
  0 1450.000000      0     26       0.0124
  0 1450.000000      0     27      -0.0001
  0 1450.000000      0     28      -0.0126
  0 1450.000000      0     29      -0.0047
  0 1450.000000      0     30      -0.0111
  0 1450.000000      0     31      -0.0065
  0 1450.000000      0     32      -0.0150
  0 1450.000000      0     33      -0.0078
  0 1450.000000      0     34      -0.0040
  0 1450.000000      0     35      -0.0141
  0 1450.000000      0     36      -0.0087
  0 1450.000000      0     37      -0.0172
  0 1450.000000      0     38      -0.0120
  0 1450.000000      0     39      -0.0108
  0 1450.000000      0     40      -0.0232
  0 1450.000000      0     41      -0.0291
  0 1450.000000      0     42      -0.0187
  0 1450.000000      0     43      -0.0128
  0 1450.000000      0     44      -0.0061
  0 1450.000000      0     45      -0.0077
  0 1450.000000      0     46      -0.0128
  0 1450.000000      0     47       0.0011
  0 1450.000000      0     48       0.0015
  0 1450.000000      0     49      -0.0078
  0 1450.000000      0     50      -0.0152
  0 1450.000000      0     51      -0.0217
  0 1450.000000      0     52      -0.0124
  0 1450.000000      0     53      -0.0097
  0 1450.000000      0     54      -0.0140
  0 1450.000000      0     55      -0.0056
  0 1450.000000      0     56      -0.0099
  0 1450.000000      0     57      -0.0062
  0 1450.000000      0     58      -0.0012
  0 1450.000000      0     59      -0.0075
  0 1450.000000      0     60      -0.0120
  0 1450.000000      0     61      -0.0055
  0 1450.000000      0     62      -0.0179
  0 1450.000000      0     63      -0.0048
  0 1450.000000      0     64       0.0001
  0 1450.000000      0     65      -0.0114
  0 1450.000000      0     66      -0.0194
  0 1450.000000      0     67      -0.0095
  0 1450.000000      0     68      -0.0066
  0 1450.000000      0     69      -0.0080
  0 1450.000000      0     70      -0.0041
  0 1450.000000      0     71      -0.0124
  0 1450.000000      0     72      -0.0177
  0 1450.000000      0     73      -0.0030
  0 1450.000000      0     74      -0.0019
  0 1450.000000      0     75      -0.0093
  0 1450.000000      0     76      -0.0041
  0 1450.000000      0     77      -0.0049
  0 1450.000000      0     78      -0.0127
  0 1450.000000      0     79       0.0007
  0 1450.000000      0     80       0.0035
  0 1450.000000      0     81      -0.0011
  0 1450.000000      0     82      -0.0120
  0 1450.000000      0     83       0.0003
  0 1450.000000      0     84      -0.0067
  0 1450.000000      0     85       0.0167
  0 1450.000000      0     86      -0.0084
  0 1450.000000      0     87      -0.0102
  0 1450.000000      0     88       0.0055
  0 1450.000000      0     89       0.0023
  0 1450.000000      0     90       0.0019
  0 1450.000000      0     91      -0.0043
  0 1450.000000      0     92      -0.0017
  0 1450.000000      0     93      -0.0039
  0 1450.000000      0     94       0.0057
  0 1450.000000      0     95      -0.0075
  0 1450.000000      0     96      -0.0001
  0 1450.000000      0     97      -0.0079
  0 1450.000000      0     98      -0.0196
  0 1450.000000      0     99       0.0093
  0 1450.000000      0    100      -0.0047
  0 1450.000000      0    101      -0.0060
  0 1450.000000      0    102       0.0021
  0 1450.000000      0    103      -0.0013
  0 1450.000000      0    104       0.0015
  0 1450.000000      0    105      -0.0073
  0 1450.000000      0    106      -0.0004
  0 1450.000000      0    107      -0.0035
  0 1450.000000      0    108       0.0118
  0 1450.000000      0    109       0.0154
  0 1450.000000      0    110       0.0049
  0 1450.000000      0    111       0.0007
  0 1450.000000      0    112       0.0109
  0 1450.000000      0    113       0.0111
  0 1450.000000      0    114       0.0023
  0 1450.000000      0    115       0.0210
  0 1450.000000      0    116       0.0190
  0 1450.000000      0    117       0.0171
  0 1450.000000      0    118       0.0379
  0 1450.000000      0    119       0.0350
  0 1450.000000      0    120       0.0298
  0 1450.000000      0    121       0.0456
  0 1450.000000      0    122       0.0528
  0 1450.000000      0    123       0.0493
  0 1450.000000      0    124       0.0570
  0 1450.000000      0    125       0.0544
  0 1450.000000      0    126       0.0668
  0 1450.000000      0    127       0.0530
  0 1450.000000      0    128       0.0502
  0 1450.000000      0    129       0.0660
  0 1450.000000      0    130       0.0787
  0 1450.000000      0    131       0.0978
  0 1450.000000      0    132       0.1068
  0 1450.000000      0    133       0.1154
  0 1450.000000      0    134       0.1329
  0 1450.000000      0    135       0.1455
  0 1450.000000      0    136       0.1611
  0 1450.000000      0    137       0.1614
  0 1450.000000      0    138       0.1724
  0 1450.000000      0    139       0.1758
  0 1450.000000      0    140       0.1737
  0 1450.000000      0    141       0.1730
  0 1450.000000      0    142       0.1674
  0 1450.000000      0    143       0.1577
  0 1450.000000      0    144       0.1565
  0 1450.000000      0    145       0.1667
  0 1450.000000      0    146       0.1600
  0 1450.000000      0    147       0.1576
  0 1450.000000      0    148       0.1776
  0 1450.000000      0    149       0.2049
  0 1450.000000      0    150       0.2317
  0 1450.000000      0    151       0.2526
  0 1450.000000      0    152       0.2755
  0 1450.000000      0    153       0.2741
  0 1450.000000      0    154       0.2448
  0 1450.000000      0    155       0.2174
  0 1450.000000      0    156       0.2053
  0 1450.000000      0    157       0.1685
  0 1450.000000      0    158       0.1509
  0 1450.000000      0    159       0.1437
  0 1450.000000      0    160       0.1086
  0 1450.000000      0    161       0.0984
  0 1450.000000      0    162       0.0612
  0 1450.000000      0    163       0.0598
  0 1450.000000      0    164       0.0405
  0 1450.000000      0    165       0.0329
  0 1450.000000      0    166       0.0178
  0 1450.000000      0    167       0.0154
  0 1450.000000      0    168       0.0067
  0 1450.000000      0    169       0.0086
  0 1450.000000      0    170      -0.0012
  0 1450.000000      0    171       0.0027
  0 1450.000000      0    172       0.0070
  0 1450.000000      0    173       0.0031
  0 1450.000000      0    174      -0.0008
  0 1450.000000      0    175      -0.0073
  0 1450.000000      0    176      -0.0005
  0 1450.000000      0    177      -0.0157
  0 1450.000000      0    178      -0.0069
  0 1450.000000      0    179      -0.0170
  0 1450.000000      0    180      -0.0017
  0 1450.000000      0    181      -0.0021
  0 1450.000000      0    182      -0.0126
  0 1450.000000      0    183      -0.0037
  0 1450.000000      0    184      -0.0016
  0 1450.000000      0    185       0.0014
  0 1450.000000      0    186       0.0049
  0 1450.000000      0    187       0.0069
  0 1450.000000      0    188      -0.0065
  0 1450.000000      0    189      -0.0071
  0 1450.000000      0    190      -0.0042
  0 1450.000000      0    191      -0.0014
  0 1450.000000      0    192      -0.0047
  0 1450.000000      0    193      -0.0045
  0 1450.000000      0    194      -0.0133
  0 1450.000000      0    195       0.0026
  0 1450.000000      0    196      -0.0052
  0 1450.000000      0    197       0.0081
  0 1450.000000      0    198      -0.0042
  0 1450.000000      0    199       0.0016
  0 1450.000000      0    200       0.0039
  0 1450.000000      0    201      -0.0056
  0 1450.000000      0    202       0.0018
  0 1450.000000      0    203      -0.0047
  0 1450.000000      0    204       0.0005
  0 1450.000000      0    205       0.0057
  0 1450.000000      0    206       0.0023
  0 1450.000000      0    207       0.0183
  0 1450.000000      0    208       0.0099
  0 1450.000000      0    209      -0.0015
  0 1450.000000      0    210       0.0078
  0 1450.000000      0    211      -0.0001
  0 1450.000000      0    212       0.0151
  0 1450.000000      0    213       0.0085
  0 1450.000000      0    214       0.0146
  0 1450.000000      0    215       0.0010
  0 1450.000000      0    216       0.0042
  0 1450.000000      0    217       0.0067
  0 1450.000000      0    218       0.0075
  0 1450.000000      0    219       0.0050
  0 1450.000000      0    220       0.0244
  0 1450.000000      0    221       0.0112
  0 1450.000000      0    222       0.0176
  0 1450.000000      0    223      -0.0005
  0 1450.000000      0    224       0.0053
  0 1450.000000      0    225      -0.0032
  0 1450.000000      0    226       0.0192
  0 1450.000000      0    227       0.0237
  0 1450.000000      0    228       0.0179
  0 1450.000000      0    229       0.0175
  0 1450.000000      0    230       0.0231
  0 1450.000000      0    231       0.0118
  0 1450.000000      0    232       0.0300
  0 1450.000000      0    233       0.0315
  0 1450.000000      0    234       0.0230
  0 1450.000000      0    235       0.0158
  0 1450.000000      0    236       0.0372
  0 1450.000000      0    237       0.0331
  0 1450.000000      0    238       0.0443
  0 1450.000000      0    239       0.0796
  0 1450.000000      0    240       0.0941
  0 1450.000000      0    241       0.1470
  0 1450.000000      0    242       0.2040
  0 1450.000000      0    243       0.2436
  0 1450.000000      0    244       0.3034
  0 1450.000000      0    245       0.3736
  0 1450.000000      0    246       0.4586
  0 1450.000000      0    247       0.5362
  0 1450.000000      0    248       0.6305
  0 1450.000000      0    249       0.6914
  0 1450.000000      0    250       0.7780
  0 1450.000000      0    251       0.8412
  0 1450.000000      0    252       0.9031
  0 1450.000000      0    253       0.9547
  0 1450.000000      0    254       0.9844
  0 1450.000000      0    255       0.9884
