poln    freq        ndmp   nbin     value
  0 2346.875000      0      0       1.8550
  0 2346.875000      0      1       1.9262
  0 2346.875000      0      2       1.5758
  0 2346.875000      0      3       1.3716
  0 2346.875000      0      4       1.3796
  0 2346.875000      0      5       1.6559
  0 2346.875000      0      6       1.6232
  0 2346.875000      0      7       1.2068
  0 2346.875000      0      8       0.4705
  0 2346.875000      0      9       0.1338
  0 2346.875000      0     10       0.1429
  0 2346.875000      0     11      -0.0254
  0 2346.875000      0     12       0.1325
  0 2346.875000      0     13      -0.0567
  0 2346.875000      0     14       0.1361
  0 2346.875000      0     15      -0.1851
  0 2346.875000      0     16       0.1395
  0 2346.875000      0     17      -0.1738
  0 2346.875000      0     18       0.0858
  0 2346.875000      0     19      -0.2077
  0 2346.875000      0     20      -0.1078
  0 2346.875000      0     21       0.1439
  0 2346.875000      0     22       0.0100
  0 2346.875000      0     23       0.0016
  0 2346.875000      0     24      -0.0075
  0 2346.875000      0     25       0.0256
  0 2346.875000      0     26      -0.0144
  0 2346.875000      0     27      -0.0497
  0 2346.875000      0     28      -0.2346
  0 2346.875000      0     29       0.0482
  0 2346.875000      0     30       0.0294
  0 2346.875000      0     31       0.0631
  0 2346.875000      0     32       0.0338
  0 2346.875000      0     33      -0.0244
  0 2346.875000      0     34      -0.1724
  0 2346.875000      0     35       0.0969
  0 2346.875000      0     36      -0.0933
  0 2346.875000      0     37      -0.0980
  0 2346.875000      0     38       0.2000
  0 2346.875000      0     39       0.0156
  0 2346.875000      0     40       0.1642
  0 2346.875000      0     41       0.1784
  0 2346.875000      0     42      -0.0081
  0 2346.875000      0     43       0.0600
  0 2346.875000      0     44       0.0524
  0 2346.875000      0     45       0.0538
  0 2346.875000      0     46       0.0481
  0 2346.875000      0     47      -0.0600
  0 2346.875000      0     48       0.0026
  0 2346.875000      0     49       0.0344
  0 2346.875000      0     50      -0.0519
  0 2346.875000      0     51       0.0191
  0 2346.875000      0     52       0.1318
  0 2346.875000      0     53       0.2479
  0 2346.875000      0     54      -0.0493
  0 2346.875000      0     55       0.1492
  0 2346.875000      0     56       0.0405
  0 2346.875000      0     57       0.1345
  0 2346.875000      0     58      -0.0983
  0 2346.875000      0     59       0.1695
  0 2346.875000      0     60       0.0791
  0 2346.875000      0     61       0.0310
  0 2346.875000      0     62       0.3125
  0 2346.875000      0     63       0.1273
  0 2346.875000      0     64       0.0974
  0 2346.875000      0     65       0.0446
  0 2346.875000      0     66       0.1264
  0 2346.875000      0     67       0.2620
  0 2346.875000      0     68       0.2472
  0 2346.875000      0     69       0.3053
  0 2346.875000      0     70       0.2644
  0 2346.875000      0     71       0.3058
  0 2346.875000      0     72       0.3585
  0 2346.875000      0     73       0.4369
  0 2346.875000      0     74       0.2596
  0 2346.875000      0     75       0.6066
  0 2346.875000      0     76       0.6936
  0 2346.875000      0     77       0.5569
  0 2346.875000      0     78       0.4497
  0 2346.875000      0     79       0.4850
  0 2346.875000      0     80       0.3833
  0 2346.875000      0     81       0.2651
  0 2346.875000      0     82       0.1480
  0 2346.875000      0     83       0.0772
  0 2346.875000      0     84       0.0873
  0 2346.875000      0     85       0.1275
  0 2346.875000      0     86      -0.0940
  0 2346.875000      0     87      -0.0292
  0 2346.875000      0     88      -0.0153
  0 2346.875000      0     89       0.0292
  0 2346.875000      0     90       0.1480
  0 2346.875000      0     91      -0.0327
  0 2346.875000      0     92      -0.0519
  0 2346.875000      0     93       0.1739
  0 2346.875000      0     94       0.0871
  0 2346.875000      0     95       0.1574
  0 2346.875000      0     96      -0.0368
  0 2346.875000      0     97       0.1338
  0 2346.875000      0     98       0.0831
  0 2346.875000      0     99       0.0731
  0 2346.875000      0    100       0.0530
  0 2346.875000      0    101       0.0215
  0 2346.875000      0    102      -0.0120
  0 2346.875000      0    103       0.0563
  0 2346.875000      0    104       0.0988
  0 2346.875000      0    105       0.0064
  0 2346.875000      0    106       0.1610
  0 2346.875000      0    107      -0.0251
  0 2346.875000      0    108       0.0692
  0 2346.875000      0    109       0.1012
  0 2346.875000      0    110       0.0908
  0 2346.875000      0    111       0.0195
  0 2346.875000      0    112       0.0313
  0 2346.875000      0    113       0.1619
  0 2346.875000      0    114       0.2742
  0 2346.875000      0    115      -0.1519
  0 2346.875000      0    116       0.1402
  0 2346.875000      0    117       0.2723
  0 2346.875000      0    118       0.0674
  0 2346.875000      0    119       0.1388
  0 2346.875000      0    120       0.2142
  0 2346.875000      0    121       0.5563
  0 2346.875000      0    122       0.5351
  0 2346.875000      0    123       0.8328
  0 2346.875000      0    124       1.0834
  0 2346.875000      0    125       1.5450
  0 2346.875000      0    126       1.7115
  0 2346.875000      0    127       1.9615
