poln    freq        ndmp   nbin     value
  0 1450.000000      0      0       1.9505
  0 1450.000000      0      1       1.6157
  0 1450.000000      0      2       1.1120
  0 1450.000000      0      3       0.7901
  0 1450.000000      0      4       0.7616
  0 1450.000000      0      5       1.0236
  0 1450.000000      0      6       1.2083
  0 1450.000000      0      7       1.0606
  0 1450.000000      0      8       0.8265
  0 1450.000000      0      9       0.6734
  0 1450.000000      0     10       0.4923
  0 1450.000000      0     11       0.4214
  0 1450.000000      0     12       0.3592
  0 1450.000000      0     13       0.4487
  0 1450.000000      0     14       0.5119
  0 1450.000000      0     15       0.5280
  0 1450.000000      0     16       0.5275
  0 1450.000000      0     17       0.5139
  0 1450.000000      0     18       0.4907
  0 1450.000000      0     19       0.4396
  0 1450.000000      0     20       0.3889
  0 1450.000000      0     21       0.3224
  0 1450.000000      0     22       0.2754
  0 1450.000000      0     23       0.2905
  0 1450.000000      0     24       0.2765
  0 1450.000000      0     25       0.2878
  0 1450.000000      0     26       0.2213
  0 1450.000000      0     27       0.1257
  0 1450.000000      0     28       0.1470
  0 1450.000000      0     29       0.1208
  0 1450.000000      0     30       0.1219
  0 1450.000000      0     31       0.0869
  0 1450.000000      0     32       0.0517
  0 1450.000000      0     33       0.0590
  0 1450.000000      0     34       0.0541
  0 1450.000000      0     35       0.0961
  0 1450.000000      0     36       0.0392
  0 1450.000000      0     37       0.0187
  0 1450.000000      0     38       0.0182
  0 1450.000000      0     39       0.0440
  0 1450.000000      0     40       0.0005
  0 1450.000000      0     41      -0.0485
  0 1450.000000      0     42      -0.0358
  0 1450.000000      0     43      -0.0105
  0 1450.000000      0     44       0.0030
  0 1450.000000      0     45      -0.0337
  0 1450.000000      0     46      -0.0569
  0 1450.000000      0     47      -0.0056
  0 1450.000000      0     48       0.0114
  0 1450.000000      0     49      -0.0474
  0 1450.000000      0     50      -0.0273
  0 1450.000000      0     51      -0.0386
  0 1450.000000      0     52      -0.0244
  0 1450.000000      0     53      -0.0552
  0 1450.000000      0     54      -0.0034
  0 1450.000000      0     55       0.0613
  0 1450.000000      0     56       0.0010
  0 1450.000000      0     57       0.0095
  0 1450.000000      0     58      -0.0134
  0 1450.000000      0     59      -0.0286
  0 1450.000000      0     60       0.0078
  0 1450.000000      0     61       0.0207
  0 1450.000000      0     62      -0.0455
  0 1450.000000      0     63      -0.0408
  0 1450.000000      0     64      -0.0296
  0 1450.000000      0     65       0.0019
  0 1450.000000      0     66       0.0059
  0 1450.000000      0     67      -0.0374
  0 1450.000000      0     68       0.0176
  0 1450.000000      0     69      -0.0394
  0 1450.000000      0     70      -0.0296
  0 1450.000000      0     71       0.0269
  0 1450.000000      0     72      -0.0264
  0 1450.000000      0     73       0.0098
  0 1450.000000      0     74       0.0242
  0 1450.000000      0     75       0.0298
  0 1450.000000      0     76      -0.0071
  0 1450.000000      0     77      -0.0292
  0 1450.000000      0     78       0.0259
  0 1450.000000      0     79       0.0310
  0 1450.000000      0     80       0.0564
  0 1450.000000      0     81      -0.0165
  0 1450.000000      0     82       0.0264
  0 1450.000000      0     83      -0.0292
  0 1450.000000      0     84       0.0104
  0 1450.000000      0     85       0.0076
  0 1450.000000      0     86       0.0241
  0 1450.000000      0     87      -0.0047
  0 1450.000000      0     88      -0.0329
  0 1450.000000      0     89       0.0571
  0 1450.000000      0     90      -0.0040
  0 1450.000000      0     91       0.0269
  0 1450.000000      0     92      -0.0047
  0 1450.000000      0     93       0.0132
  0 1450.000000      0     94      -0.0320
  0 1450.000000      0     95      -0.0075
  0 1450.000000      0     96      -0.0115
  0 1450.000000      0     97       0.0531
  0 1450.000000      0     98       0.0354
  0 1450.000000      0     99       0.0198
  0 1450.000000      0    100       0.0389
  0 1450.000000      0    101       0.0137
  0 1450.000000      0    102       0.0806
  0 1450.000000      0    103      -0.0075
  0 1450.000000      0    104       0.0765
  0 1450.000000      0    105       0.0373
  0 1450.000000      0    106       0.0134
  0 1450.000000      0    107      -0.0084
  0 1450.000000      0    108       0.0246
  0 1450.000000      0    109       0.0167
  0 1450.000000      0    110       0.0491
  0 1450.000000      0    111       0.0346
  0 1450.000000      0    112       0.1225
  0 1450.000000      0    113       0.1354
  0 1450.000000      0    114       0.1553
  0 1450.000000      0    115       0.2533
  0 1450.000000      0    116       0.1188
  0 1450.000000      0    117       0.2078
  0 1450.000000      0    118       0.3158
  0 1450.000000      0    119       0.5505
  0 1450.000000      0    120       0.8621
  0 1450.000000      0    121       1.0255
  0 1450.000000      0    122       1.1325
  0 1450.000000      0    123       1.2529
  0 1450.000000      0    124       1.5185
  0 1450.000000      0    125       1.5482
  0 1450.000000      0    126       1.2067
  0 1450.000000      0    127       1.5153
