 2.4 51 35699 54915 0.00448474 1713+07         0  0.004570112937594   128    1
   2210.00000 136.87500    15.9919996 100800.554803     1.0 0.1195E+01 0.1100E+01
      1.8946      1.3107      0.8794      0.5914      0.3885      0.2134
      0.1196      0.0666      0.0224      0.0017      0.0191     -0.0077
      0.0044     -0.0206      0.0164      0.0214      0.0153      0.0108
      0.0166      0.0038      0.0019     -0.0194     -0.0124     -0.0103
     -0.0115     -0.0150      0.0025     -0.0126     -0.0151     -0.0166
     -0.0163     -0.0023     -0.0078     -0.0197     -0.0107     -0.0169
     -0.0064      0.0000     -0.0046      0.0205     -0.0147     -0.0001
     -0.0031      0.0106     -0.0131      0.0100     -0.0012     -0.0024
      0.0059      0.0026     -0.0084     -0.0038      0.0103      0.0142
     -0.0014      0.0043     -0.0033     -0.0023      0.0131      0.0113
      0.0124      0.0075      0.0162      0.0107      0.0272      0.0002
      0.0012      0.0045     -0.0017      0.0132     -0.0050      0.0113
      0.0074     -0.0032     -0.0027     -0.0045      0.0047      0.0078
     -0.0100      0.0067     -0.0138      0.0134      0.0064      0.0120
      0.0023     -0.0128     -0.0124      0.0133     -0.0059      0.0049
      0.0019      0.0112      0.0016      0.0016      0.0168      0.0241
      0.0002      0.0081      0.0081      0.0099      0.0084      0.0139
     -0.0039      0.0104      0.0230      0.0103      0.0184      0.0087
      0.0293      0.0194      0.0184      0.0117     -0.0019     -0.0009
      0.0147      0.0543      0.0847      0.1204      0.1582      0.1214
      0.1101      0.1088      0.1280      0.2233      0.2315      0.2887
      0.7199      1.6443      0.0000      0.0000      0.0000      0.0000
