# 0.0 0.0 1.0 1 1400.0 0.0 256 5 1 SRC
0 1.000000
1 0.959900
2 0.913600
3 0.867700
4 0.821900
5 0.777400
6 0.730100
7 0.709000
8 0.701000
9 0.716700
10 0.748800
11 0.763600
12 0.795100
13 0.795900
14 0.734600
15 0.561300
16 0.370800
17 0.236900
18 0.159400
19 0.110400
20 0.069700
21 0.050800
22 0.027100
23 0.018200
24 0.011500
25 0.013600
26 0.012400
27 -0.000100
28 -0.012600
29 -0.004700
30 -0.011100
31 -0.006500
32 -0.015000
33 -0.007800
34 -0.004000
35 -0.014100
36 -0.008700
37 -0.017200
38 -0.012000
39 -0.010800
40 -0.023200
41 -0.029100
42 -0.018700
43 -0.012800
44 -0.006100
45 -0.007700
46 -0.012800
47 0.001100
48 0.001500
49 -0.007800
50 -0.015200
51 -0.021700
52 -0.012400
53 -0.009700
54 -0.014000
55 -0.005600
56 -0.009900
57 -0.006200
58 -0.001200
59 -0.007500
60 -0.012000
61 -0.005500
62 -0.017900
63 -0.004800
64 0.000100
65 -0.011400
66 -0.019400
67 -0.009500
68 -0.006600
69 -0.008000
70 -0.004100
71 -0.012400
72 -0.017700
73 -0.003000
74 -0.001900
75 -0.009300
76 -0.004100
77 -0.004900
78 -0.012700
79 0.000700
80 0.003500
81 -0.001100
82 -0.012000
83 0.000300
84 -0.006700
85 0.016700
86 -0.008400
87 -0.010200
88 0.005500
89 0.002300
90 0.001900
91 -0.004300
92 -0.001700
93 -0.003900
94 0.005700
95 -0.007500
96 -0.000100
97 -0.007900
98 -0.019600
99 0.009300
100 -0.004700
101 -0.006000
102 0.002100
103 -0.001300
104 0.001500
105 -0.007300
106 -0.000400
107 -0.003500
108 0.011800
109 0.015400
110 0.004900
111 0.000700
112 0.010900
113 0.011100
114 0.002300
115 0.021000
116 0.019000
117 0.017100
118 0.037900
119 0.035000
120 0.029800
121 0.045600
122 0.052800
123 0.049300
124 0.057000
125 0.054400
126 0.066800
127 0.053000
128 0.050200
129 0.066000
130 0.078700
131 0.097800
132 0.106800
133 0.115400
134 0.132900
135 0.145500
136 0.161100
137 0.161400
138 0.172400
139 0.175800
140 0.173700
141 0.173000
142 0.167400
143 0.157700
144 0.156500
145 0.166700
146 0.160000
147 0.157600
148 0.177600
149 0.204900
150 0.231700
151 0.252600
152 0.275500
153 0.274100
154 0.244800
155 0.217400
156 0.205300
157 0.168500
158 0.150900
159 0.143700
160 0.108600
161 0.098400
162 0.061200
163 0.059800
164 0.040500
165 0.032900
166 0.017800
167 0.015400
168 0.006700
169 0.008600
170 -0.001200
171 0.002700
172 0.007000
173 0.003100
174 -0.000800
175 -0.007300
176 -0.000500
177 -0.015700
178 -0.006900
179 -0.017000
180 -0.001700
181 -0.002100
182 -0.012600
183 -0.003700
184 -0.001600
185 0.001400
186 0.004900
187 0.006900
188 -0.006500
189 -0.007100
190 -0.004200
191 -0.001400
192 -0.004700
193 -0.004500
194 -0.013300
195 0.002600
196 -0.005200
197 0.008100
198 -0.004200
199 0.001600
200 0.003900
201 -0.005600
202 0.001800
203 -0.004700
204 0.000500
205 0.005700
206 0.002300
207 0.018300
208 0.009900
209 -0.001500
210 0.007800
211 -0.000100
212 0.015100
213 0.008500
214 0.014600
215 0.001000
216 0.004200
217 0.006700
218 0.007500
219 0.005000
220 0.024400
221 0.011200
222 0.017600
223 -0.000500
224 0.005300
225 -0.003200
226 0.019200
227 0.023700
228 0.017900
229 0.017500
230 0.023100
231 0.011800
232 0.030000
233 0.031500
234 0.023000
235 0.015800
236 0.037200
237 0.033100
238 0.044300
239 0.079600
240 0.094100
241 0.147000
242 0.204000
243 0.243600
244 0.303400
245 0.373600
246 0.458600
247 0.536200
248 0.630500
249 0.691400
250 0.778000
251 0.841200
252 0.903100
253 0.954700
254 0.984400
255 0.988400
