# 0.0 0.0 1.0 1 1400.0 0.0 128 5 1 SRC
0 1.855000
1 1.926200
2 1.575800
3 1.371600
4 1.379600
5 1.655900
6 1.623200
7 1.206800
8 0.470500
9 0.133800
10 0.142900
11 -0.025400
12 0.132500
13 -0.056700
14 0.136100
15 -0.185100
16 0.139500
17 -0.173800
18 0.085800
19 -0.207700
20 -0.107800
21 0.143900
22 0.010000
23 0.001600
24 -0.007500
25 0.025600
26 -0.014400
27 -0.049700
28 -0.234600
29 0.048200
30 0.029400
31 0.063100
32 0.033800
33 -0.024400
34 -0.172400
35 0.096900
36 -0.093300
37 -0.098000
38 0.200000
39 0.015600
40 0.164200
41 0.178400
42 -0.008100
43 0.060000
44 0.052400
45 0.053800
46 0.048100
47 -0.060000
48 0.002600
49 0.034400
50 -0.051900
51 0.019100
52 0.131800
53 0.247900
54 -0.049300
55 0.149200
56 0.040500
57 0.134500
58 -0.098300
59 0.169500
60 0.079100
61 0.031000
62 0.312500
63 0.127300
64 0.097400
65 0.044600
66 0.126400
67 0.262000
68 0.247200
69 0.305300
70 0.264400
71 0.305800
72 0.358500
73 0.436900
74 0.259600
75 0.606600
76 0.693600
77 0.556900
78 0.449700
79 0.485000
80 0.383300
81 0.265100
82 0.148000
83 0.077200
84 0.087300
85 0.127500
86 -0.094000
87 -0.029200
88 -0.015300
89 0.029200
90 0.148000
91 -0.032700
92 -0.051900
93 0.173900
94 0.087100
95 0.157400
96 -0.036800
97 0.133800
98 0.083100
99 0.073100
100 0.053000
101 0.021500
102 -0.012000
103 0.056300
104 0.098800
105 0.006400
106 0.161000
107 -0.025100
108 0.069200
109 0.101200
110 0.090800
111 0.019500
112 0.031300
113 0.161900
114 0.274200
115 -0.151900
116 0.140200
117 0.272300
118 0.067400
119 0.138800
120 0.214200
121 0.556300
122 0.535100
123 0.832800
124 1.083400
125 1.545000
126 1.711500
127 1.961500
