poln    freq        ndmp   nbin     value
  0 1450.000000      0      0       3.5604
  0 1450.000000      0      1       1.8457
  0 1450.000000      0      2       0.5449
  0 1450.000000      0      3       0.0980
  0 1450.000000      0      4       0.1186
  0 1450.000000      0      5      -0.1117
  0 1450.000000      0      6      -0.0791
  0 1450.000000      0      7      -0.1208
  0 1450.000000      0      8       0.0288
  0 1450.000000      0      9       0.0069
  0 1450.000000      0     10       0.0378
  0 1450.000000      0     11       0.0438
  0 1450.000000      0     12       0.2209
  0 1450.000000      0     13       0.0060
  0 1450.000000      0     14      -0.0623
  0 1450.000000      0     15       0.0615
  0 1450.000000      0     16       0.0322
  0 1450.000000      0     17       0.0473
  0 1450.000000      0     18       0.0950
  0 1450.000000      0     19       0.1079
  0 1450.000000      0     20       0.0241
  0 1450.000000      0     21      -0.0163
  0 1450.000000      0     22       0.0223
  0 1450.000000      0     23      -0.0133
  0 1450.000000      0     24       0.0662
  0 1450.000000      0     25       0.0370
  0 1450.000000      0     26       0.0477
  0 1450.000000      0     27      -0.0765
  0 1450.000000      0     28       0.0193
  0 1450.000000      0     29       0.1049
  0 1450.000000      0     30      -0.0864
  0 1450.000000      0     31      -0.0945
  0 1450.000000      0     32       0.0804
  0 1450.000000      0     33       0.0056
  0 1450.000000      0     34      -0.1543
  0 1450.000000      0     35       0.1745
  0 1450.000000      0     36      -0.3210
  0 1450.000000      0     37       0.0103
  0 1450.000000      0     38      -0.1117
  0 1450.000000      0     39       0.0636
  0 1450.000000      0     40      -0.0533
  0 1450.000000      0     41      -0.0150
  0 1450.000000      0     42       0.0279
  0 1450.000000      0     43       0.0718
  0 1450.000000      0     44      -0.1070
  0 1450.000000      0     45      -0.0993
  0 1450.000000      0     46       0.0258
  0 1450.000000      0     47      -0.0163
  0 1450.000000      0     48      -0.0211
  0 1450.000000      0     49      -0.0627
  0 1450.000000      0     50       0.1053
  0 1450.000000      0     51      -0.1732
  0 1450.000000      0     52       0.1160
  0 1450.000000      0     53      -0.0219
  0 1450.000000      0     54       0.1302
  0 1450.000000      0     55       0.0593
  0 1450.000000      0     56       0.1208
  0 1450.000000      0     57       0.2037
  0 1450.000000      0     58       0.3893
  0 1450.000000      0     59       0.9459
  0 1450.000000      0     60       1.8547
  0 1450.000000      0     61       2.2789
  0 1450.000000      0     62       2.5234
  0 1450.000000      0     63       3.5324
