poln    freq        ndmp   nbin     value
  0 372.500000      0      0       7.5793
  0 372.500000      0      1       4.8958
  0 372.500000      0      2       1.8705
  0 372.500000      0      3       0.8076
  0 372.500000      0      4       0.4377
  0 372.500000      0      5       0.3661
  0 372.500000      0      6       0.0070
  0 372.500000      0      7      -0.0595
  0 372.500000      0      8      -0.0799
  0 372.500000      0      9       0.0203
  0 372.500000      0     10      -0.1093
  0 372.500000      0     11       0.0099
  0 372.500000      0     12       0.0089
  0 372.500000      0     13       0.0115
  0 372.500000      0     14      -0.0564
  0 372.500000      0     15      -0.0650
  0 372.500000      0     16      -0.0608
  0 372.500000      0     17       0.0921
  0 372.500000      0     18      -0.0578
  0 372.500000      0     19       0.0062
  0 372.500000      0     20      -0.0366
  0 372.500000      0     21       0.0334
  0 372.500000      0     22       0.0367
  0 372.500000      0     23      -0.1748
  0 372.500000      0     24       0.0149
  0 372.500000      0     25      -0.2181
  0 372.500000      0     26      -0.0742
  0 372.500000      0     27       0.0514
  0 372.500000      0     28       0.0247
  0 372.500000      0     29      -0.0087
  0 372.500000      0     30      -0.0289
  0 372.500000      0     31      -0.2087
  0 372.500000      0     32      -0.0776
  0 372.500000      0     33      -0.0494
  0 372.500000      0     34       0.0272
  0 372.500000      0     35       0.0449
  0 372.500000      0     36      -0.0552
  0 372.500000      0     37       0.1074
  0 372.500000      0     38       0.0363
  0 372.500000      0     39      -0.1184
  0 372.500000      0     40       0.1219
  0 372.500000      0     41       0.2710
  0 372.500000      0     42       0.1406
  0 372.500000      0     43       0.0838
  0 372.500000      0     44       0.0572
  0 372.500000      0     45       0.0146
  0 372.500000      0     46      -0.0757
  0 372.500000      0     47       0.0780
  0 372.500000      0     48      -0.1536
  0 372.500000      0     49      -0.0640
  0 372.500000      0     50       0.0417
  0 372.500000      0     51      -0.0547
  0 372.500000      0     52       0.0664
  0 372.500000      0     53       0.1340
  0 372.500000      0     54       0.0274
  0 372.500000      0     55      -0.0676
  0 372.500000      0     56      -0.0675
  0 372.500000      0     57      -0.1801
  0 372.500000      0     58       0.0826
  0 372.500000      0     59       0.1233
  0 372.500000      0     60       0.2721
  0 372.500000      0     61       0.3987
  0 372.500000      0     62       1.8817
  0 372.500000      0     63       5.6741
