# 0.0 0.0 1.0 1 1400.0 0.0 64 5 1 SRC
0 7.335400
1 4.582200
2 1.867200
3 0.681400
4 0.503100
5 0.345000
6 0.107200
7 0.211900
8 -0.150700
9 -0.262600
10 0.096300
11 0.095100
12 -0.050900
13 -0.004800
14 -0.055700
15 0.014600
16 -0.016000
17 0.058300
18 0.027500
19 -0.096100
20 -0.196000
21 0.027000
22 -0.032900
23 0.134900
24 0.080000
25 -0.007500
26 0.047800
27 0.019800
28 -0.190200
29 0.038900
30 0.010700
31 -0.190700
32 -0.083600
33 -0.042100
34 -0.175400
35 -0.040500
36 -0.183000
37 -0.063100
38 -0.165800
39 -0.205000
40 0.166400
41 0.030000
42 0.072800
43 0.079100
44 0.205900
45 0.195400
46 0.005300
47 -0.053300
48 -0.165000
49 -0.167400
50 0.013100
51 0.053500
52 0.100300
53 -0.213500
54 -0.163600
55 -0.114900
56 0.224200
57 0.174500
58 0.368300
59 0.139700
60 -0.024200
61 0.658700
62 2.077700
63 5.604700
