# 0.0 0.0 1.0 1 1400.0 0.0 64 5 1 SRC
0 7.579300
1 4.895800
2 1.870500
3 0.807600
4 0.437700
5 0.366100
6 0.007000
7 -0.059500
8 -0.079900
9 0.020300
10 -0.109300
11 0.009900
12 0.008900
13 0.011500
14 -0.056400
15 -0.065000
16 -0.060800
17 0.092100
18 -0.057800
19 0.006200
20 -0.036600
21 0.033400
22 0.036700
23 -0.174800
24 0.014900
25 -0.218100
26 -0.074200
27 0.051400
28 0.024700
29 -0.008700
30 -0.028900
31 -0.208700
32 -0.077600
33 -0.049400
34 0.027200
35 0.044900
36 -0.055200
37 0.107400
38 0.036300
39 -0.118400
40 0.121900
41 0.271000
42 0.140600
43 0.083800
44 0.057200
45 0.014600
46 -0.075700
47 0.078000
48 -0.153600
49 -0.064000
50 0.041700
51 -0.054700
52 0.066400
53 0.134000
54 0.027400
55 -0.067600
56 -0.067500
57 -0.180100
58 0.082600
59 0.123300
60 0.272100
61 0.398700
62 1.881700
63 5.674100
