poln    freq        ndmp   nbin     value
  0 1450.000000      0      0       1.9580
  0 1450.000000      0      1       1.3926
  0 1450.000000      0      2       0.8226
  0 1450.000000      0      3       0.2375
  0 1450.000000      0      4       0.0277
  0 1450.000000      0      5       0.0128
  0 1450.000000      0      6      -0.0133
  0 1450.000000      0      7       0.0053
  0 1450.000000      0      8      -0.0449
  0 1450.000000      0      9      -0.0307
  0 1450.000000      0     10      -0.0601
  0 1450.000000      0     11      -0.0249
  0 1450.000000      0     12      -0.0355
  0 1450.000000      0     13      -0.0033
  0 1450.000000      0     14       0.0112
  0 1450.000000      0     15      -0.0227
  0 1450.000000      0     16       0.0371
  0 1450.000000      0     17       0.0036
  0 1450.000000      0     18       0.0125
  0 1450.000000      0     19       0.0538
  0 1450.000000      0     20      -0.0445
  0 1450.000000      0     21       0.0080
  0 1450.000000      0     22       0.0128
  0 1450.000000      0     23      -0.0216
  0 1450.000000      0     24      -0.0220
  0 1450.000000      0     25       0.0170
  0 1450.000000      0     26      -0.0175
  0 1450.000000      0     27       0.0320
  0 1450.000000      0     28      -0.0552
  0 1450.000000      0     29      -0.0389
  0 1450.000000      0     30       0.0003
  0 1450.000000      0     31      -0.0163
  0 1450.000000      0     32       0.0273
  0 1450.000000      0     33      -0.0063
  0 1450.000000      0     34       0.0167
  0 1450.000000      0     35       0.0167
  0 1450.000000      0     36       0.0608
  0 1450.000000      0     37      -0.0144
  0 1450.000000      0     38       0.0177
  0 1450.000000      0     39      -0.0001
  0 1450.000000      0     40       0.0228
  0 1450.000000      0     41       0.0060
  0 1450.000000      0     42      -0.0229
  0 1450.000000      0     43      -0.0009
  0 1450.000000      0     44      -0.0211
  0 1450.000000      0     45       0.0219
  0 1450.000000      0     46       0.0010
  0 1450.000000      0     47       0.0021
  0 1450.000000      0     48       0.1063
  0 1450.000000      0     49       0.1087
  0 1450.000000      0     50       0.1184
  0 1450.000000      0     51       0.1859
  0 1450.000000      0     52       0.2964
  0 1450.000000      0     53       0.5126
  0 1450.000000      0     54       0.6681
  0 1450.000000      0     55       0.9893
  0 1450.000000      0     56       1.1509
  0 1450.000000      0     57       0.8112
  0 1450.000000      0     58       0.3954
  0 1450.000000      0     59       0.2865
  0 1450.000000      0     60       0.3213
  0 1450.000000      0     61       0.4433
  0 1450.000000      0     62       0.8082
  0 1450.000000      0     63       1.5672
