poln    freq        ndmp   nbin     value
  0 1450.000000      0      0       1.9178
  0 1450.000000      0      1       1.3220
  0 1450.000000      0      2       0.6137
  0 1450.000000      0      3       0.3741
  0 1450.000000      0      4       0.3254
  0 1450.000000      0      5       0.2209
  0 1450.000000      0      6       0.0936
  0 1450.000000      0      7       0.0416
  0 1450.000000      0      8      -0.0061
  0 1450.000000      0      9      -0.0015
  0 1450.000000      0     10       0.0124
  0 1450.000000      0     11      -0.0136
  0 1450.000000      0     12      -0.0326
  0 1450.000000      0     13      -0.0397
  0 1450.000000      0     14       0.0169
  0 1450.000000      0     15      -0.0246
  0 1450.000000      0     16      -0.0171
  0 1450.000000      0     17      -0.0015
  0 1450.000000      0     18       0.0007
  0 1450.000000      0     19      -0.0009
  0 1450.000000      0     20      -0.0087
  0 1450.000000      0     21      -0.0285
  0 1450.000000      0     22       0.0057
  0 1450.000000      0     23      -0.0201
  0 1450.000000      0     24      -0.0246
  0 1450.000000      0     25      -0.0061
  0 1450.000000      0     26       0.0063
  0 1450.000000      0     27      -0.0027
  0 1450.000000      0     28      -0.0018
  0 1450.000000      0     29      -0.0115
  0 1450.000000      0     30      -0.0060
  0 1450.000000      0     31       0.0043
  0 1450.000000      0     32       0.0162
  0 1450.000000      0     33       0.0123
  0 1450.000000      0     34      -0.0040
  0 1450.000000      0     35       0.0006
  0 1450.000000      0     36       0.0353
  0 1450.000000      0     37      -0.0013
  0 1450.000000      0     38      -0.0000
  0 1450.000000      0     39      -0.0000
  0 1450.000000      0     40      -0.0046
  0 1450.000000      0     41      -0.0244
  0 1450.000000      0     42       0.0249
  0 1450.000000      0     43      -0.0249
  0 1450.000000      0     44       0.0207
  0 1450.000000      0     45      -0.0073
  0 1450.000000      0     46      -0.0117
  0 1450.000000      0     47       0.0175
  0 1450.000000      0     48       0.0264
  0 1450.000000      0     49      -0.0082
  0 1450.000000      0     50       0.0169
  0 1450.000000      0     51      -0.0148
  0 1450.000000      0     52      -0.0043
  0 1450.000000      0     53      -0.0019
  0 1450.000000      0     54       0.0066
  0 1450.000000      0     55       0.0061
  0 1450.000000      0     56      -0.0093
  0 1450.000000      0     57       0.0129
  0 1450.000000      0     58       0.0258
  0 1450.000000      0     59       0.2053
  0 1450.000000      0     60       0.6652
  0 1450.000000      0     61       1.1605
  0 1450.000000      0     62       1.4524
  0 1450.000000      0     63       1.7800
