poln    freq        ndmp   nbin     value
  0 328.750000      0      0       0.7706
  0 328.750000      0      1       0.7829
  0 328.750000      0      2       0.7834
  0 328.750000      0      3       0.7528
  0 328.750000      0      4       0.8973
  0 328.750000      0      5       1.2393
  0 328.750000      0      6       1.6736
  0 328.750000      0      7       1.9784
  0 328.750000      0      8       1.8741
  0 328.750000      0      9       1.4162
  0 328.750000      0     10       0.9610
  0 328.750000      0     11       0.5336
  0 328.750000      0     12       0.4170
  0 328.750000      0     13       0.2068
  0 328.750000      0     14       0.1783
  0 328.750000      0     15       0.1760
  0 328.750000      0     16       0.0918
  0 328.750000      0     17       0.0170
  0 328.750000      0     18       0.0471
  0 328.750000      0     19      -0.0137
  0 328.750000      0     20       0.0649
  0 328.750000      0     21       0.0638
  0 328.750000      0     22      -0.0259
  0 328.750000      0     23       0.0545
  0 328.750000      0     24      -0.0994
  0 328.750000      0     25      -0.0012
  0 328.750000      0     26      -0.0187
  0 328.750000      0     27      -0.0338
  0 328.750000      0     28       0.0080
  0 328.750000      0     29       0.0062
  0 328.750000      0     30       0.0083
  0 328.750000      0     31      -0.0330
  0 328.750000      0     32       0.0359
  0 328.750000      0     33      -0.0415
  0 328.750000      0     34       0.0261
  0 328.750000      0     35       0.0004
  0 328.750000      0     36       0.0001
  0 328.750000      0     37      -0.0726
  0 328.750000      0     38      -0.0166
  0 328.750000      0     39       0.0069
  0 328.750000      0     40      -0.0211
  0 328.750000      0     41      -0.0817
  0 328.750000      0     42       0.0088
  0 328.750000      0     43      -0.0694
  0 328.750000      0     44      -0.0134
  0 328.750000      0     45      -0.0212
  0 328.750000      0     46      -0.0151
  0 328.750000      0     47       0.0162
  0 328.750000      0     48       0.0056
  0 328.750000      0     49      -0.0174
  0 328.750000      0     50       0.0066
  0 328.750000      0     51       0.0548
  0 328.750000      0     52       0.0904
  0 328.750000      0     53       0.2185
  0 328.750000      0     54       0.2219
  0 328.750000      0     55       0.2662
  0 328.750000      0     56       0.3832
  0 328.750000      0     57       0.3623
  0 328.750000      0     58       0.3744
  0 328.750000      0     59       0.3773
  0 328.750000      0     60       0.3890
  0 328.750000      0     61       0.4537
  0 328.750000      0     62       0.5272
  0 328.750000      0     63       0.7038
