# 0.0 0.0 1.0 1 1400.0 0.0 64 5 1 SRC
0 0.704000
1 0.646100
2 0.660900
3 0.680700
4 0.644500
5 0.890900
6 1.481000
7 1.884400
8 1.789300
9 1.211900
10 0.706400
11 0.442000
12 0.176300
13 0.111300
14 0.069100
15 0.071400
16 0.073600
17 -0.021700
18 0.075800
19 0.023900
20 -0.035800
21 -0.016900
22 -0.018700
23 0.037400
24 0.006200
25 0.011200
26 0.007200
27 0.008900
28 -0.013300
29 -0.039800
30 0.006200
31 0.013400
32 0.024400
33 -0.009700
34 -0.043300
35 -0.006300
36 -0.051400
37 -0.067400
38 0.001300
39 -0.001600
40 -0.015700
41 0.022000
42 0.026300
43 -0.085400
44 -0.026600
45 0.051200
46 -0.006100
47 -0.005700
48 -0.000000
49 -0.013400
50 0.025000
51 0.057300
52 0.036000
53 0.128500
54 0.211900
55 0.294200
56 0.298300
57 0.338000
58 0.315300
59 0.292700
60 0.264600
61 0.368500
62 0.470500
63 0.537600
