1.501115404967903633e+00
1.875708490179565313e+00
5.465383310827792718e-01
2.166671173328272193e+00
8.598421668305764598e-01
9.177973429595817079e-01
2.009992207445540746e+00
1.292761134134816858e+00
7.754804673156426853e-01
1.506008490907220887e+00
2.529545332179931272e+00
1.102679882593534888e+00
6.565334742939766821e-01
8.059103220966925551e-01
7.528838556841948026e-01
2.594166968966507447e+00
1.094291142682526585e+00
7.963135419176492480e-01
5.459544631446743290e-01
1.055817349228701296e+00
3.029617351371785561e-01
2.368875062652386010e+00
2.119919512767735714e+00
1.973971841160309992e+00
1.260091096490391527e+00
1.851618570174279998e+00
1.360635865641153242e+00
1.177779181342846426e+00
2.168564703234772573e+00
2.345353569280691275e+00
2.210640065562806011e+00
1.489839281300065155e+00
1.965425665876201267e+00
1.578880796807171860e+00
1.416593215341056977e+00
2.442514493725034264e-01
1.975454462301479364e+00
2.609188726720624185e+00
2.062983151926407910e+00
2.131013713264585885e+00
1.330611332578240935e+00
1.573117632491031426e+00
1.682104255278189298e+00
1.068208090281382194e+00
9.447700086418719945e-01
1.888599361294287737e+00
2.862405401128290894e+00
2.326933916320453211e+00
2.133652590570803920e+00
1.619426566729986527e+00
1.763088268503508971e+00
1.799324677177958742e+00
9.199596821649038692e-01
7.409721941316046445e-01
2.912849616401925190e-01
1.845060024501101292e+00
2.666476215052859811e+00
2.561508934406725668e+00
1.843235071237397715e+00
2.091359732509610048e+00
1.907998582522078879e+00
1.780455821050767939e+00
6.171520170038483633e-01
3.729224208346637592e-01
8.217260043121588087e-01
5.433711612363031351e-01
1.789115634052045767e+00
2.987426303850139409e+00
2.458557281551247531e+00
2.180931153560200730e+00
1.742443759674898951e+00
1.884840495528247173e+00
1.899751197812014514e+00
9.323340783095898088e-01
7.265762344112003390e-01
4.119286287176592842e-01
1.316247036223639200e-01
4.661718371436447406e-01
1.783886620806922174e+00
2.872538454851056411e+00
2.596111486742032515e+00
2.026708809041460224e+00
1.971604190658459599e+00
1.950799675048347392e+00
1.881912451889810045e+00
7.724701721179378922e-01
5.370152540824084664e-01
6.536412718859314630e-01
3.634130402402200311e-01
2.090172559850263512e-01
2.652653610100483283e-01
1.760270010132164442e+00
2.593055105441306907e+00
2.629009190122801876e+00
1.823339922895116594e+00
2.223264136838367655e+00
1.992273092779858423e+00
1.833304226480165777e+00
6.556143507371302581e-01
4.188190357705899869e-01
9.452279888741572655e-01
6.608506755241985164e-01
1.320884757107691487e-01
5.699777462791941751e-01
3.047130940047561576e-01
1.712394954733727825e+00
2.852400240550884813e+00
2.679219948314903732e+00
2.043937031197333720e+00
2.053790776868248624e+00
2.028695966563307085e+00
1.943447599204719989e+00
8.060771132490894830e-01
5.640396425995385377e-01
7.292535774521670122e-01
4.379725347091313892e-01
2.009717463629693279e-01
3.269136288501502396e-01
8.768313028850986679e-02
2.594027656438662177e-01
1.710750363859994350e+00
2.628603480989683661e+00
2.684135158360517082e+00
1.877110994458766946e+00
2.235389196395710876e+00
2.042594192750051274e+00
1.889202433799764602e+00
7.118104418730257787e-01
4.734980980485674062e-01
9.370125194148287706e-01
6.485152971363026264e-01
1.530061000628498147e-01
5.489121961143369477e-01
2.860131121977201873e-01
5.726068288929200140e-02
2.271051775670435147e-01
1.530891890521069554e+00
2.876485842048346342e+00
2.832647550964381367e+00
2.198145261575484177e+00
2.113418202928545764e+00
2.202347851975165582e+00
2.129248103078873466e+00
9.845631058688508741e-01
7.406798121667945711e-01
7.893190142739778814e-01
5.122185596780892691e-01
3.684300726587653174e-01
3.816210442064079666e-01
2.532473550947564878e-01
3.754418986747472542e-01
1.858795530298181231e-01
3.234879057658416879e-01
1.440046627106220001e+00
2.908555182879770662e+00
2.603588396180199105e+00
2.513188320829045974e+00
1.828720850174802015e+00
2.185725853625386073e+00
2.248005960894723820e+00
1.253457185586951628e+00
1.024198887585104467e+00
6.148618675084990270e-01
4.487004634465403541e-01
6.829999631922794023e-01
3.575227882377318700e-01
4.886923928981471432e-01
7.302278042600838237e-01
4.836185821230949422e-01
6.841557005812153314e-01
3.705433383788481749e-01
1.487992078193023815e+00
2.411798949873884546e+00
2.764643864022337638e+00
1.847592433491000330e+00
2.534122490464498778e+00
2.245554498360910145e+00
2.025891246372294674e+00
8.864695308717115418e-01
6.839575204493770766e-01
1.215631683729673451e+00
9.243645683869208263e-01
4.509505343235693520e-01
8.091515880222058810e-01
5.650586012954897930e-01
3.227677670068805904e-01
4.864031242376233299e-01
3.012228885815922408e-01
4.738576454534961790e-01
8.298061547071375887e-01
1.383327444945761986e+00
2.832119038259281130e+00
2.571372307184334627e+00
2.590659880994965913e+00
1.803024427157858600e+00
2.215112212644692491e+00
2.301694759830308801e+00
1.330713145317821366e+00
1.101909383971868772e+00
6.427062774581733251e-01
5.069826687138242471e-01
7.595032682033864280e-01
4.263057123943406745e-01
5.663480573648390637e-01
8.029418319911613144e-01
5.595237020543493145e-01
7.554430686927020577e-01
4.370732665680534534e-01
7.772220449693671707e-02
8.844953980226233359e-01
1.375235381900015152e+00
2.817142082153036853e+00
2.559464890966472783e+00
2.606025013805964630e+00
1.792925294017771121e+00
2.215953181886890722e+00
2.308587487000796301e+00
1.345965924727956509e+00
1.117709829495046714e+00
6.447373108292531185e-01
5.164347729926546116e-01
7.760011469608746326e-01
4.386584969985417026e-01
5.824245656203930199e-01
8.195728042980268135e-01
5.760857596208723841e-01
7.720253414178376294e-01
4.534182663028506477e-01
9.373545312183395595e-02
8.994148700072500668e-01
1.664591174591544681e-02
1.372199082688480010e+00
2.819893536118621924e+00
2.899430461085136024e+00
2.347545811931013304e+00
2.124996104759448112e+00
2.345067927583308620e+00
2.296498125259803125e+00
1.154252447208772070e+00
9.101243621960211083e-01
8.464518815638563121e-01
5.998417956011161678e-01
5.372873640005906282e-01
4.705695240368986676e-01
4.148775240692228472e-01
5.290257597580074744e-01
3.553778233009233789e-01
4.734309665021797509e-01
1.705875702345664713e-01
3.012117419302847710e-01
5.427112678163359405e-01
3.449978322361276772e-01
3.590763099993634633e-01
1.021468576336414191e+00
2.138364210342332594e+00
2.684150295703905620e+00
1.990310382011086121e+00
2.776059105120927128e+00
2.663111462357049319e+00
2.379372810921088099e+00
1.347412720319550727e+00
1.160682356674422877e+00
1.535617862019274416e+00
1.265377453420727827e+00
9.063624770361695671e-01
1.134394658882533324e+00
9.551859387887725594e-01
7.894012979397755370e-01
8.675064268041843274e-01
7.539029098780951621e-01
7.532131716834568058e-01
9.761053401066331903e-01
4.790679259517472421e-01
9.912260994211431475e-01
9.996424855441423674e-01
6.956571846120789271e-01
4.025412409907547229e-01
1.792582606642625365e+00
2.010082951125324868e+00
2.559675204410650551e+00
1.822123611778383223e+00
2.543849235329720404e+00
2.801171605601668002e+00
2.294462147697832854e+00
2.051763339186199797e+00
1.592214889118191756e+00
1.556804223121319275e+00
1.681222152873544262e+00
1.481359837480220154e+00
1.554428103809500694e+00
1.640274431825539780e+00
1.503900194686968561e+00
1.583578505984517770e+00
1.319533641187874196e+00
1.124133404387080981e+00
1.455768449450441038e+00
1.055795140365186846e+00
1.044369782114207501e+00
1.149005794419555526e+00
1.076087708104187968e+00
