# 0.0 0.0 1.0 1 1400.0 0.0 64 5 1 SRC
0 0.770600
1 0.782900
2 0.783400
3 0.752800
4 0.897300
5 1.239300
6 1.673600
7 1.978400
8 1.874100
9 1.416200
10 0.961000
11 0.533600
12 0.417000
13 0.206800
14 0.178300
15 0.176000
16 0.091800
17 0.017000
18 0.047100
19 -0.013700
20 0.064900
21 0.063800
22 -0.025900
23 0.054500
24 -0.099400
25 -0.001200
26 -0.018700
27 -0.033800
28 0.008000
29 0.006200
30 0.008300
31 -0.033000
32 0.035900
33 -0.041500
34 0.026100
35 0.000400
36 0.000100
37 -0.072600
38 -0.016600
39 0.006900
40 -0.021100
41 -0.081700
42 0.008800
43 -0.069400
44 -0.013400
45 -0.021200
46 -0.015100
47 0.016200
48 0.005600
49 -0.017400
50 0.006600
51 0.054800
52 0.090400
53 0.218500
54 0.221900
55 0.266200
56 0.383200
57 0.362300
58 0.374400
59 0.377300
60 0.389000
61 0.453700
62 0.527200
63 0.703800
