poln    freq        ndmp   nbin     value
  0 372.500000      0      0       0.7040
  0 372.500000      0      1       0.6461
  0 372.500000      0      2       0.6609
  0 372.500000      0      3       0.6807
  0 372.500000      0      4       0.6445
  0 372.500000      0      5       0.8909
  0 372.500000      0      6       1.4810
  0 372.500000      0      7       1.8844
  0 372.500000      0      8       1.7893
  0 372.500000      0      9       1.2119
  0 372.500000      0     10       0.7064
  0 372.500000      0     11       0.4420
  0 372.500000      0     12       0.1763
  0 372.500000      0     13       0.1113
  0 372.500000      0     14       0.0691
  0 372.500000      0     15       0.0714
  0 372.500000      0     16       0.0736
  0 372.500000      0     17      -0.0217
  0 372.500000      0     18       0.0758
  0 372.500000      0     19       0.0239
  0 372.500000      0     20      -0.0358
  0 372.500000      0     21      -0.0169
  0 372.500000      0     22      -0.0187
  0 372.500000      0     23       0.0374
  0 372.500000      0     24       0.0062
  0 372.500000      0     25       0.0112
  0 372.500000      0     26       0.0072
  0 372.500000      0     27       0.0089
  0 372.500000      0     28      -0.0133
  0 372.500000      0     29      -0.0398
  0 372.500000      0     30       0.0062
  0 372.500000      0     31       0.0134
  0 372.500000      0     32       0.0244
  0 372.500000      0     33      -0.0097
  0 372.500000      0     34      -0.0433
  0 372.500000      0     35      -0.0063
  0 372.500000      0     36      -0.0514
  0 372.500000      0     37      -0.0674
  0 372.500000      0     38       0.0013
  0 372.500000      0     39      -0.0016
  0 372.500000      0     40      -0.0157
  0 372.500000      0     41       0.0220
  0 372.500000      0     42       0.0263
  0 372.500000      0     43      -0.0854
  0 372.500000      0     44      -0.0266
  0 372.500000      0     45       0.0512
  0 372.500000      0     46      -0.0061
  0 372.500000      0     47      -0.0057
  0 372.500000      0     48      -0.0000
  0 372.500000      0     49      -0.0134
  0 372.500000      0     50       0.0250
  0 372.500000      0     51       0.0573
  0 372.500000      0     52       0.0360
  0 372.500000      0     53       0.1285
  0 372.500000      0     54       0.2119
  0 372.500000      0     55       0.2942
  0 372.500000      0     56       0.2983
  0 372.500000      0     57       0.3380
  0 372.500000      0     58       0.3153
  0 372.500000      0     59       0.2927
  0 372.500000      0     60       0.2646
  0 372.500000      0     61       0.3685
  0 372.500000      0     62       0.4705
  0 372.500000      0     63       0.5376
