# 0.0 0.0 1.0 1 1400.0 0.0 64 5 1 SRC
0 3.755500
1 2.004500
2 0.744500
3 0.291100
4 0.102800
5 0.018400
6 -0.011000
7 -0.018600
8 -0.023400
9 -0.018200
10 -0.012600
11 -0.032600
12 -0.024100
13 -0.010500
14 -0.015100
15 0.029600
16 0.063300
17 0.095700
18 0.296900
19 1.094100
20 1.379800
21 1.407800
22 0.440300
23 0.154900
24 0.054800
25 0.074500
26 0.114800
27 0.200200
28 0.383700
29 0.653800
30 0.569200
31 0.235400
32 0.210700
33 0.162500
34 0.142600
35 0.041300
36 -0.012300
37 -0.039700
38 -0.034500
39 -0.021000
40 -0.014400
41 -0.040600
42 -0.045900
43 -0.013700
44 -0.015800
45 -0.007900
46 -0.010500
47 0.022600
48 0.023400
49 0.058800
50 0.073200
51 0.151100
52 0.176400
53 0.257100
54 0.366700
55 0.578700
56 1.073200
57 1.837600
58 2.202700
59 2.811300
60 3.058600
61 2.783800
62 2.797200
63 3.680600
