poln    freq        ndmp   nbin     value
  0 328.750000      0      0       3.5699
  0 328.750000      0      1       2.3485
  0 328.750000      0      2       1.2426
  0 328.750000      0      3       0.5684
  0 328.750000      0      4       0.3640
  0 328.750000      0      5       0.1715
  0 328.750000      0      6       0.0756
  0 328.750000      0      7       0.0241
  0 328.750000      0      8       0.0425
  0 328.750000      0      9      -0.0146
  0 328.750000      0     10      -0.1167
  0 328.750000      0     11      -0.0634
  0 328.750000      0     12      -0.1450
  0 328.750000      0     13      -0.1637
  0 328.750000      0     14      -0.0282
  0 328.750000      0     15      -0.0396
  0 328.750000      0     16      -0.0733
  0 328.750000      0     17      -0.0739
  0 328.750000      0     18      -0.0324
  0 328.750000      0     19       0.1146
  0 328.750000      0     20       0.1005
  0 328.750000      0     21       0.0642
  0 328.750000      0     22       0.0857
  0 328.750000      0     23       0.0254
  0 328.750000      0     24       0.0372
  0 328.750000      0     25       0.0341
  0 328.750000      0     26       0.1389
  0 328.750000      0     27       0.4568
  0 328.750000      0     28       0.7670
  0 328.750000      0     29       0.8724
  0 328.750000      0     30       0.8212
  0 328.750000      0     31       0.7294
  0 328.750000      0     32       0.6282
  0 328.750000      0     33       0.6032
  0 328.750000      0     34       0.5391
  0 328.750000      0     35       0.5056
  0 328.750000      0     36       0.2998
  0 328.750000      0     37       0.1900
  0 328.750000      0     38       0.0479
  0 328.750000      0     39      -0.0500
  0 328.750000      0     40      -0.0187
  0 328.750000      0     41      -0.0642
  0 328.750000      0     42      -0.0116
  0 328.750000      0     43      -0.0918
  0 328.750000      0     44      -0.0273
  0 328.750000      0     45      -0.0299
  0 328.750000      0     46       0.0161
  0 328.750000      0     47       0.0053
  0 328.750000      0     48       0.0424
  0 328.750000      0     49       0.0905
  0 328.750000      0     50       0.1653
  0 328.750000      0     51       0.2426
  0 328.750000      0     52       0.3866
  0 328.750000      0     53       0.6057
  0 328.750000      0     54       0.7225
  0 328.750000      0     55       0.8802
  0 328.750000      0     56       1.2550
  0 328.750000      0     57       1.9029
  0 328.750000      0     58       2.6182
  0 328.750000      0     59       2.9901
  0 328.750000      0     60       3.0520
  0 328.750000      0     61       3.3404
  0 328.750000      0     62       3.6810
  0 328.750000      0     63       3.7932
