poln    freq        ndmp   nbin     value
  0 1450.000000      0      0       1.9940
  0 1450.000000      0      1       1.7616
  0 1450.000000      0      2       1.2568
  0 1450.000000      0      3       0.7477
  0 1450.000000      0      4       0.4593
  0 1450.000000      0      5       0.2852
  0 1450.000000      0      6       0.1791
  0 1450.000000      0      7       0.1120
  0 1450.000000      0      8       0.0752
  0 1450.000000      0      9       0.0275
  0 1450.000000      0     10       0.0132
  0 1450.000000      0     11       0.0052
  0 1450.000000      0     12      -0.0002
  0 1450.000000      0     13      -0.0108
  0 1450.000000      0     14       0.0037
  0 1450.000000      0     15      -0.0223
  0 1450.000000      0     16      -0.0102
  0 1450.000000      0     17      -0.0132
  0 1450.000000      0     18      -0.0195
  0 1450.000000      0     19       0.0013
  0 1450.000000      0     20       0.0023
  0 1450.000000      0     21      -0.0149
  0 1450.000000      0     22      -0.0202
  0 1450.000000      0     23      -0.0123
  0 1450.000000      0     24      -0.0125
  0 1450.000000      0     25      -0.0116
  0 1450.000000      0     26      -0.0062
  0 1450.000000      0     27      -0.0044
  0 1450.000000      0     28      -0.0114
  0 1450.000000      0     29      -0.0037
  0 1450.000000      0     30       0.0053
  0 1450.000000      0     31       0.0243
  0 1450.000000      0     32       0.0303
  0 1450.000000      0     33       0.0330
  0 1450.000000      0     34       0.0393
  0 1450.000000      0     35       0.0564
  0 1450.000000      0     36       0.1095
  0 1450.000000      0     37       0.1874
  0 1450.000000      0     38       0.3942
  0 1450.000000      0     39       0.6999
  0 1450.000000      0     40       0.7192
  0 1450.000000      0     41       0.6606
  0 1450.000000      0     42       0.8090
  0 1450.000000      0     43       0.5989
  0 1450.000000      0     44       0.2838
  0 1450.000000      0     45       0.1565
  0 1450.000000      0     46       0.0889
  0 1450.000000      0     47       0.0659
  0 1450.000000      0     48       0.0365
  0 1450.000000      0     49       0.0184
  0 1450.000000      0     50       0.0356
  0 1450.000000      0     51       0.0389
  0 1450.000000      0     52       0.0507
  0 1450.000000      0     53       0.0641
  0 1450.000000      0     54       0.0852
  0 1450.000000      0     55       0.1150
  0 1450.000000      0     56       0.1543
  0 1450.000000      0     57       0.2293
  0 1450.000000      0     58       0.3137
  0 1450.000000      0     59       0.3400
  0 1450.000000      0     60       0.3321
  0 1450.000000      0     61       0.2371
  0 1450.000000      0     62       0.1347
  0 1450.000000      0     63       0.1007
  0 1450.000000      0     64       0.1006
  0 1450.000000      0     65       0.1101
  0 1450.000000      0     66       0.0812
  0 1450.000000      0     67       0.0813
  0 1450.000000      0     68       0.0847
  0 1450.000000      0     69       0.0579
  0 1450.000000      0     70       0.0336
  0 1450.000000      0     71       0.0077
  0 1450.000000      0     72      -0.0049
  0 1450.000000      0     73      -0.0074
  0 1450.000000      0     74      -0.0186
  0 1450.000000      0     75      -0.0210
  0 1450.000000      0     76      -0.0168
  0 1450.000000      0     77      -0.0177
  0 1450.000000      0     78       0.0010
  0 1450.000000      0     79      -0.0220
  0 1450.000000      0     80      -0.0076
  0 1450.000000      0     81      -0.0068
  0 1450.000000      0     82      -0.0202
  0 1450.000000      0     83      -0.0204
  0 1450.000000      0     84      -0.0175
  0 1450.000000      0     85      -0.0284
  0 1450.000000      0     86      -0.0042
  0 1450.000000      0     87      -0.0095
  0 1450.000000      0     88      -0.0079
  0 1450.000000      0     89      -0.0079
  0 1450.000000      0     90      -0.0115
  0 1450.000000      0     91       0.0037
  0 1450.000000      0     92      -0.0039
  0 1450.000000      0     93      -0.0065
  0 1450.000000      0     94       0.0027
  0 1450.000000      0     95       0.0199
  0 1450.000000      0     96       0.0270
  0 1450.000000      0     97      -0.0036
  0 1450.000000      0     98       0.0303
  0 1450.000000      0     99       0.0285
  0 1450.000000      0    100       0.0353
  0 1450.000000      0    101       0.0379
  0 1450.000000      0    102       0.0656
  0 1450.000000      0    103       0.0856
  0 1450.000000      0    104       0.0743
  0 1450.000000      0    105       0.1021
  0 1450.000000      0    106       0.1309
  0 1450.000000      0    107       0.1261
  0 1450.000000      0    108       0.1646
  0 1450.000000      0    109       0.2021
  0 1450.000000      0    110       0.2383
  0 1450.000000      0    111       0.3404
  0 1450.000000      0    112       0.4428
  0 1450.000000      0    113       0.6304
  0 1450.000000      0    114       0.8486
  0 1450.000000      0    115       0.9891
  0 1450.000000      0    116       1.0450
  0 1450.000000      0    117       1.1578
  0 1450.000000      0    118       1.3238
  0 1450.000000      0    119       1.4874
  0 1450.000000      0    120       1.5460
  0 1450.000000      0    121       1.5125
  0 1450.000000      0    122       1.4356
  0 1450.000000      0    123       1.3481
  0 1450.000000      0    124       1.3255
  0 1450.000000      0    125       1.4716
  0 1450.000000      0    126       1.7394
  0 1450.000000      0    127       1.9412
