poln    freq        ndmp   nbin     value
  0 1450.000000      0      0       3.7555
  0 1450.000000      0      1       2.0045
  0 1450.000000      0      2       0.7445
  0 1450.000000      0      3       0.2911
  0 1450.000000      0      4       0.1028
  0 1450.000000      0      5       0.0184
  0 1450.000000      0      6      -0.0110
  0 1450.000000      0      7      -0.0186
  0 1450.000000      0      8      -0.0234
  0 1450.000000      0      9      -0.0182
  0 1450.000000      0     10      -0.0126
  0 1450.000000      0     11      -0.0326
  0 1450.000000      0     12      -0.0241
  0 1450.000000      0     13      -0.0105
  0 1450.000000      0     14      -0.0151
  0 1450.000000      0     15       0.0296
  0 1450.000000      0     16       0.0633
  0 1450.000000      0     17       0.0957
  0 1450.000000      0     18       0.2969
  0 1450.000000      0     19       1.0941
  0 1450.000000      0     20       1.3798
  0 1450.000000      0     21       1.4078
  0 1450.000000      0     22       0.4403
  0 1450.000000      0     23       0.1549
  0 1450.000000      0     24       0.0548
  0 1450.000000      0     25       0.0745
  0 1450.000000      0     26       0.1148
  0 1450.000000      0     27       0.2002
  0 1450.000000      0     28       0.3837
  0 1450.000000      0     29       0.6538
  0 1450.000000      0     30       0.5692
  0 1450.000000      0     31       0.2354
  0 1450.000000      0     32       0.2107
  0 1450.000000      0     33       0.1625
  0 1450.000000      0     34       0.1426
  0 1450.000000      0     35       0.0413
  0 1450.000000      0     36      -0.0123
  0 1450.000000      0     37      -0.0397
  0 1450.000000      0     38      -0.0345
  0 1450.000000      0     39      -0.0210
  0 1450.000000      0     40      -0.0144
  0 1450.000000      0     41      -0.0406
  0 1450.000000      0     42      -0.0459
  0 1450.000000      0     43      -0.0137
  0 1450.000000      0     44      -0.0158
  0 1450.000000      0     45      -0.0079
  0 1450.000000      0     46      -0.0105
  0 1450.000000      0     47       0.0226
  0 1450.000000      0     48       0.0234
  0 1450.000000      0     49       0.0588
  0 1450.000000      0     50       0.0732
  0 1450.000000      0     51       0.1511
  0 1450.000000      0     52       0.1764
  0 1450.000000      0     53       0.2571
  0 1450.000000      0     54       0.3667
  0 1450.000000      0     55       0.5787
  0 1450.000000      0     56       1.0732
  0 1450.000000      0     57       1.8376
  0 1450.000000      0     58       2.2027
  0 1450.000000      0     59       2.8113
  0 1450.000000      0     60       3.0586
  0 1450.000000      0     61       2.7838
  0 1450.000000      0     62       2.7972
  0 1450.000000      0     63       3.6806
