poln    freq        ndmp   nbin     value
  0 372.500000      0      0       3.5785
  0 372.500000      0      1       2.4690
  0 372.500000      0      2       1.2704
  0 372.500000      0      3       0.5745
  0 372.500000      0      4       0.2990
  0 372.500000      0      5       0.2098
  0 372.500000      0      6       0.1106
  0 372.500000      0      7       0.0513
  0 372.500000      0      8      -0.0518
  0 372.500000      0      9       0.0632
  0 372.500000      0     10      -0.0224
  0 372.500000      0     11      -0.1187
  0 372.500000      0     12      -0.0543
  0 372.500000      0     13      -0.0366
  0 372.500000      0     14      -0.0977
  0 372.500000      0     15      -0.0177
  0 372.500000      0     16       0.0535
  0 372.500000      0     17      -0.0097
  0 372.500000      0     18       0.0733
  0 372.500000      0     19       0.2184
  0 372.500000      0     20       0.2651
  0 372.500000      0     21       0.1381
  0 372.500000      0     22       0.2531
  0 372.500000      0     23       0.1042
  0 372.500000      0     24       0.0735
  0 372.500000      0     25       0.1532
  0 372.500000      0     26       0.2291
  0 372.500000      0     27       0.4562
  0 372.500000      0     28       0.9355
  0 372.500000      0     29       1.1554
  0 372.500000      0     30       1.1168
  0 372.500000      0     31       0.9133
  0 372.500000      0     32       0.7486
  0 372.500000      0     33       0.6862
  0 372.500000      0     34       0.5576
  0 372.500000      0     35       0.6132
  0 372.500000      0     36       0.3411
  0 372.500000      0     37       0.1318
  0 372.500000      0     38      -0.0102
  0 372.500000      0     39       0.0035
  0 372.500000      0     40      -0.0009
  0 372.500000      0     41      -0.0219
  0 372.500000      0     42      -0.1288
  0 372.500000      0     43      -0.0100
  0 372.500000      0     44       0.0157
  0 372.500000      0     45       0.0557
  0 372.500000      0     46      -0.0063
  0 372.500000      0     47       0.1014
  0 372.500000      0     48       0.1239
  0 372.500000      0     49       0.1522
  0 372.500000      0     50       0.2977
  0 372.500000      0     51       0.2360
  0 372.500000      0     52       0.3976
  0 372.500000      0     53       0.6125
  0 372.500000      0     54       0.6949
  0 372.500000      0     55       0.9168
  0 372.500000      0     56       1.2789
  0 372.500000      0     57       1.9445
  0 372.500000      0     58       2.6756
  0 372.500000      0     59       3.2252
  0 372.500000      0     60       3.1385
  0 372.500000      0     61       3.4124
  0 372.500000      0     62       3.7109
  0 372.500000      0     63       3.8623
