poln    freq        ndmp   nbin     value
  0 328.750000      0      0       7.3354
  0 328.750000      0      1       4.5822
  0 328.750000      0      2       1.8672
  0 328.750000      0      3       0.6814
  0 328.750000      0      4       0.5031
  0 328.750000      0      5       0.3450
  0 328.750000      0      6       0.1072
  0 328.750000      0      7       0.2119
  0 328.750000      0      8      -0.1507
  0 328.750000      0      9      -0.2626
  0 328.750000      0     10       0.0963
  0 328.750000      0     11       0.0951
  0 328.750000      0     12      -0.0509
  0 328.750000      0     13      -0.0048
  0 328.750000      0     14      -0.0557
  0 328.750000      0     15       0.0146
  0 328.750000      0     16      -0.0160
  0 328.750000      0     17       0.0583
  0 328.750000      0     18       0.0275
  0 328.750000      0     19      -0.0961
  0 328.750000      0     20      -0.1960
  0 328.750000      0     21       0.0270
  0 328.750000      0     22      -0.0329
  0 328.750000      0     23       0.1349
  0 328.750000      0     24       0.0800
  0 328.750000      0     25      -0.0075
  0 328.750000      0     26       0.0478
  0 328.750000      0     27       0.0198
  0 328.750000      0     28      -0.1902
  0 328.750000      0     29       0.0389
  0 328.750000      0     30       0.0107
  0 328.750000      0     31      -0.1907
  0 328.750000      0     32      -0.0836
  0 328.750000      0     33      -0.0421
  0 328.750000      0     34      -0.1754
  0 328.750000      0     35      -0.0405
  0 328.750000      0     36      -0.1830
  0 328.750000      0     37      -0.0631
  0 328.750000      0     38      -0.1658
  0 328.750000      0     39      -0.2050
  0 328.750000      0     40       0.1664
  0 328.750000      0     41       0.0300
  0 328.750000      0     42       0.0728
  0 328.750000      0     43       0.0791
  0 328.750000      0     44       0.2059
  0 328.750000      0     45       0.1954
  0 328.750000      0     46       0.0053
  0 328.750000      0     47      -0.0533
  0 328.750000      0     48      -0.1650
  0 328.750000      0     49      -0.1674
  0 328.750000      0     50       0.0131
  0 328.750000      0     51       0.0535
  0 328.750000      0     52       0.1003
  0 328.750000      0     53      -0.2135
  0 328.750000      0     54      -0.1636
  0 328.750000      0     55      -0.1149
  0 328.750000      0     56       0.2242
  0 328.750000      0     57       0.1745
  0 328.750000      0     58       0.3683
  0 328.750000      0     59       0.1397
  0 328.750000      0     60      -0.0242
  0 328.750000      0     61       0.6587
  0 328.750000      0     62       2.0777
  0 328.750000      0     63       5.6047
