# 0.0 0.0 1.0 1 1400.0 0.0 256 5 1 SRC
0 1.978400
1 1.545100
2 0.775500
3 0.268800
4 0.053000
5 -0.015500
6 -0.030400
7 -0.029800
8 -0.028600
9 -0.026000
10 -0.027900
11 -0.015400
12 -0.020500
13 -0.019500
14 -0.014800
15 -0.009400
16 -0.007300
17 -0.013400
18 -0.012400
19 0.001100
20 -0.008800
21 0.003200
22 -0.002600
23 -0.002600
24 -0.000000
25 0.001400
26 0.002400
27 0.001700
28 0.005100
29 0.001300
30 -0.001600
31 0.007300
32 0.005400
33 0.006800
34 0.002400
35 0.008700
36 0.009600
37 0.005400
38 0.013500
39 0.004800
40 0.001100
41 0.012000
42 0.004800
43 0.004600
44 0.008300
45 0.014800
46 0.005100
47 0.007900
48 0.005100
49 0.005300
50 0.004100
51 0.005300
52 0.013300
53 0.008700
54 0.001400
55 0.005200
56 0.000400
57 -0.001300
58 -0.004100
59 0.002000
60 -0.002400
61 0.000500
62 0.006000
63 0.002700
64 -0.002300
65 0.001500
66 0.008500
67 0.007800
68 0.000100
69 0.013900
70 -0.007200
71 -0.003900
72 -0.000600
73 0.003000
74 -0.003600
75 -0.004900
76 -0.001800
77 0.007300
78 -0.004200
79 -0.004400
80 -0.005300
81 -0.006500
82 -0.001900
83 0.005100
84 -0.003600
85 -0.001100
86 0.001400
87 0.003400
88 0.009200
89 -0.008000
90 -0.000100
91 -0.000100
92 0.007700
93 0.001800
94 -0.000500
95 0.000900
96 0.001700
97 0.003400
98 0.003800
99 -0.000400
100 0.002200
101 0.000000
102 -0.009300
103 -0.005100
104 -0.009900
105 -0.004200
106 -0.006400
107 0.002300
108 0.000100
109 0.001300
110 0.003900
111 0.001600
112 -0.000900
113 0.002000
114 -0.003000
115 -0.009900
116 0.000800
117 -0.001700
118 0.009800
119 0.004000
120 0.002900
121 -0.003800
122 0.003100
123 -0.002500
124 0.001300
125 -0.007700
126 0.000000
127 0.004000
128 -0.005900
129 0.004500
130 0.005800
131 -0.001400
132 0.007000
133 -0.001800
134 -0.001600
135 -0.000000
136 -0.001600
137 0.001100
138 -0.001500
139 -0.004700
140 0.005200
141 0.003800
142 0.002900
143 0.000300
144 -0.001700
145 0.003700
146 -0.001200
147 -0.006200
148 -0.004800
149 0.001000
150 -0.008700
151 -0.003700
152 0.007900
153 0.000700
154 0.000700
155 -0.006700
156 -0.009500
157 0.003200
158 -0.001400
159 0.000300
160 0.002100
161 0.001900
162 -0.000300
163 -0.000400
164 -0.006100
165 -0.009500
166 -0.005200
167 -0.002200
168 -0.003600
169 -0.005700
170 -0.001600
171 -0.004100
172 0.000200
173 -0.003200
174 -0.002900
175 0.000200
176 -0.004200
177 -0.004700
178 -0.001900
179 -0.002500
180 -0.004900
181 -0.005500
182 0.003900
183 -0.005900
184 -0.003600
185 -0.005800
186 -0.004200
187 0.000000
188 0.003400
189 0.001500
190 -0.000600
191 0.003000
192 -0.004900
193 0.004300
194 0.004100
195 -0.000400
196 -0.002800
197 -0.011400
198 -0.002200
199 0.006300
200 -0.000700
201 0.001100
202 -0.000200
203 -0.000800
204 -0.005600
205 -0.001100
206 -0.002900
207 -0.001600
208 0.003600
209 -0.002400
210 0.006300
211 0.002200
212 0.005100
213 0.005800
214 0.016200
215 0.026500
216 0.019800
217 0.025000
218 0.027900
219 0.045700
220 0.030600
221 0.046300
222 0.053900
223 0.075400
224 0.079500
225 0.098900
226 0.118300
227 0.144900
228 0.195900
229 0.232500
230 0.268200
231 0.295100
232 0.342400
233 0.384600
234 0.419300
235 0.471800
236 0.521100
237 0.587700
238 0.636500
239 0.698200
240 0.769900
241 0.863300
242 0.976300
243 1.122100
244 1.270400
245 1.400200
246 1.586500
247 1.808000
248 1.718900
249 1.452700
250 1.322000
251 1.245500
252 1.137600
253 1.042500
254 1.203600
255 1.704300
