# 0.0 0.0 1.0 1 1400.0 0.0 64 5 1 SRC
0 1.969000
1 1.918400
2 1.877800
3 1.744200
4 1.339400
5 0.894900
6 0.831300
7 1.258400
8 1.279100
9 0.740000
10 0.357100
11 0.165200
12 0.073800
13 0.065900
14 0.033700
15 0.012500
16 0.007000
17 0.007500
18 0.001100
19 -0.008900
20 -0.025100
21 -0.004900
22 0.016400
23 -0.008500
24 -0.023000
25 -0.005000
26 -0.016900
27 -0.009400
28 0.008300
29 -0.018200
30 0.009400
31 -0.011400
32 -0.007200
33 0.001600
34 -0.015300
35 0.003300
36 -0.006900
37 -0.007000
38 -0.003300
39 -0.022100
40 -0.021600
41 0.001700
42 0.000200
43 -0.003800
44 -0.019700
45 0.015800
46 -0.003000
47 0.011100
48 0.018000
49 0.017700
50 0.022400
51 0.019900
52 0.023800
53 0.029800
54 0.086800
55 0.234000
56 0.476700
57 0.727800
58 0.819000
59 0.718600
60 0.506800
61 0.444600
62 0.744100
63 1.728000
