poln    freq        ndmp   nbin     value
  0 1450.000000      0      0       3.7720
  0 1450.000000      0      1       2.5370
  0 1450.000000      0      2       1.4671
  0 1450.000000      0      3       0.8033
  0 1450.000000      0      4       0.4504
  0 1450.000000      0      5       0.2015
  0 1450.000000      0      6       0.0142
  0 1450.000000      0      7       0.0228
  0 1450.000000      0      8       0.0254
  0 1450.000000      0      9       0.0018
  0 1450.000000      0     10       0.0196
  0 1450.000000      0     11       0.0541
  0 1450.000000      0     12       0.0324
  0 1450.000000      0     13       0.0247
  0 1450.000000      0     14       0.0388
  0 1450.000000      0     15      -0.0244
  0 1450.000000      0     16      -0.0023
  0 1450.000000      0     17      -0.0212
  0 1450.000000      0     18      -0.0749
  0 1450.000000      0     19       0.0555
  0 1450.000000      0     20       0.0071
  0 1450.000000      0     21      -0.1071
  0 1450.000000      0     22       0.0443
  0 1450.000000      0     23      -0.0041
  0 1450.000000      0     24       0.0274
  0 1450.000000      0     25       0.1131
  0 1450.000000      0     26       0.0767
  0 1450.000000      0     27       0.0185
  0 1450.000000      0     28      -0.0777
  0 1450.000000      0     29       0.0290
  0 1450.000000      0     30      -0.0699
  0 1450.000000      0     31      -0.0955
  0 1450.000000      0     32       0.0139
  0 1450.000000      0     33       0.0439
  0 1450.000000      0     34       0.0678
  0 1450.000000      0     35      -0.0962
  0 1450.000000      0     36      -0.0308
  0 1450.000000      0     37       0.0368
  0 1450.000000      0     38      -0.0404
  0 1450.000000      0     39      -0.0359
  0 1450.000000      0     40      -0.0222
  0 1450.000000      0     41      -0.0183
  0 1450.000000      0     42      -0.0146
  0 1450.000000      0     43       0.0404
  0 1450.000000      0     44      -0.0493
  0 1450.000000      0     45      -0.0402
  0 1450.000000      0     46       0.0329
  0 1450.000000      0     47       0.0416
  0 1450.000000      0     48      -0.0701
  0 1450.000000      0     49      -0.0037
  0 1450.000000      0     50       0.0569
  0 1450.000000      0     51      -0.0726
  0 1450.000000      0     52       0.0066
  0 1450.000000      0     53       0.0242
  0 1450.000000      0     54      -0.0642
  0 1450.000000      0     55      -0.0498
  0 1450.000000      0     56       0.0448
  0 1450.000000      0     57       0.0014
  0 1450.000000      0     58       0.1044
  0 1450.000000      0     59       0.1704
  0 1450.000000      0     60       0.3186
  0 1450.000000      0     61       0.4703
  0 1450.000000      0     62       1.3783
  0 1450.000000      0     63       3.2787
