# 0.0 0.0 1.0 1 1400.0 0.0 64 5 1 SRC
0 3.772000
1 2.537000
2 1.467100
3 0.803300
4 0.450400
5 0.201500
6 0.014200
7 0.022800
8 0.025400
9 0.001800
10 0.019600
11 0.054100
12 0.032400
13 0.024700
14 0.038800
15 -0.024400
16 -0.002300
17 -0.021200
18 -0.074900
19 0.055500
20 0.007100
21 -0.107100
22 0.044300
23 -0.004100
24 0.027400
25 0.113100
26 0.076700
27 0.018500
28 -0.077700
29 0.029000
30 -0.069900
31 -0.095500
32 0.013900
33 0.043900
34 0.067800
35 -0.096200
36 -0.030800
37 0.036800
38 -0.040400
39 -0.035900
40 -0.022200
41 -0.018300
42 -0.014600
43 0.040400
44 -0.049300
45 -0.040200
46 0.032900
47 0.041600
48 -0.070100
49 -0.003700
50 0.056900
51 -0.072600
52 0.006600
53 0.024200
54 -0.064200
55 -0.049800
56 0.044800
57 0.001400
58 0.104400
59 0.170400
60 0.318600
61 0.470300
62 1.378300
63 3.278700
