 2.4 51 35699 54915 0.00448474 1713+07         0  0.004570028197640    64    1
    800.00000 80.00000    15.9919996 292801.624064     1.0 0.1195E+01 0.1100E+01
      3.8132      2.5524      1.5063      0.8390      0.3929      0.1473
      0.0657      0.0727      0.1353      0.0369      0.0119      0.0170
     -0.0416     -0.0403     -0.0001      0.0144     -0.0136     -0.0117
     -0.0223      0.0176      0.0021     -0.0275     -0.0142     -0.0179
      0.0412      0.0383      0.0117     -0.0166      0.0076     -0.0337
     -0.0265     -0.0180      0.0263      0.0525      0.0046     -0.0090
      0.0123      0.0163     -0.0077      0.0335      0.0359      0.0303
     -0.0233      0.0065     -0.0033      0.0218      0.0231     -0.0221
      0.0004      0.0477     -0.0175      0.0119      0.0013      0.0032
     -0.0078      0.0412      0.0088      0.1204      0.3024      0.3317
      0.3592      0.6923      1.5230      3.2715      0.0000      0.0000
