poln    freq        ndmp   nbin     value
  0 328.750000      0      0       0.8634
  0 328.750000      0      1       0.9589
  0 328.750000      0      2       0.8809
  0 328.750000      0      3       0.6895
  0 328.750000      0      4       0.4426
  0 328.750000      0      5       0.2174
  0 328.750000      0      6       0.1155
  0 328.750000      0      7       0.1777
  0 328.750000      0      8       0.0501
  0 328.750000      0      9      -0.0106
  0 328.750000      0     10       0.1115
  0 328.750000      0     11      -0.0279
  0 328.750000      0     12      -0.0224
  0 328.750000      0     13       0.0419
  0 328.750000      0     14       0.0841
  0 328.750000      0     15       0.1637
  0 328.750000      0     16      -0.0007
  0 328.750000      0     17      -0.0405
  0 328.750000      0     18      -0.0089
  0 328.750000      0     19       0.0222
  0 328.750000      0     20      -0.0091
  0 328.750000      0     21      -0.1004
  0 328.750000      0     22       0.0087
  0 328.750000      0     23       0.0085
  0 328.750000      0     24       0.0728
  0 328.750000      0     25      -0.0055
  0 328.750000      0     26       0.0331
  0 328.750000      0     27       0.0105
  0 328.750000      0     28       0.1026
  0 328.750000      0     29       0.0103
  0 328.750000      0     30       0.0024
  0 328.750000      0     31       0.0601
  0 328.750000      0     32      -0.0770
  0 328.750000      0     33      -0.0342
  0 328.750000      0     34      -0.0536
  0 328.750000      0     35       0.0509
  0 328.750000      0     36      -0.0182
  0 328.750000      0     37      -0.0968
  0 328.750000      0     38       0.0210
  0 328.750000      0     39       0.0898
  0 328.750000      0     40      -0.0303
  0 328.750000      0     41      -0.0894
  0 328.750000      0     42      -0.0735
  0 328.750000      0     43      -0.0319
  0 328.750000      0     44       0.0479
  0 328.750000      0     45       0.0537
  0 328.750000      0     46       0.0560
  0 328.750000      0     47       0.0888
  0 328.750000      0     48       0.0300
  0 328.750000      0     49       0.0545
  0 328.750000      0     50       0.0131
  0 328.750000      0     51       0.0380
  0 328.750000      0     52       0.0346
  0 328.750000      0     53      -0.0261
  0 328.750000      0     54       0.0223
  0 328.750000      0     55       0.0678
  0 328.750000      0     56      -0.0541
  0 328.750000      0     57      -0.0467
  0 328.750000      0     58      -0.0188
  0 328.750000      0     59      -0.0388
  0 328.750000      0     60      -0.0176
  0 328.750000      0     61      -0.0249
  0 328.750000      0     62      -0.0487
  0 328.750000      0     63      -0.0431
  0 328.750000      0     64      -0.0630
  0 328.750000      0     65      -0.0251
  0 328.750000      0     66      -0.0176
  0 328.750000      0     67      -0.0515
  0 328.750000      0     68      -0.0793
  0 328.750000      0     69      -0.0072
  0 328.750000      0     70       0.0151
  0 328.750000      0     71       0.0410
  0 328.750000      0     72      -0.1509
  0 328.750000      0     73      -0.0262
  0 328.750000      0     74      -0.0211
  0 328.750000      0     75      -0.0446
  0 328.750000      0     76      -0.0648
  0 328.750000      0     77       0.1033
  0 328.750000      0     78      -0.0160
  0 328.750000      0     79       0.0548
  0 328.750000      0     80      -0.0195
  0 328.750000      0     81      -0.0010
  0 328.750000      0     82      -0.0207
  0 328.750000      0     83      -0.0406
  0 328.750000      0     84       0.0159
  0 328.750000      0     85      -0.0329
  0 328.750000      0     86      -0.0525
  0 328.750000      0     87       0.0249
  0 328.750000      0     88       0.0922
  0 328.750000      0     89      -0.0388
  0 328.750000      0     90       0.0262
  0 328.750000      0     91       0.0191
  0 328.750000      0     92       0.0349
  0 328.750000      0     93       0.0216
  0 328.750000      0     94       0.0751
  0 328.750000      0     95       0.0177
  0 328.750000      0     96      -0.0608
  0 328.750000      0     97       0.0058
  0 328.750000      0     98      -0.0066
  0 328.750000      0     99       0.0680
  0 328.750000      0    100      -0.0071
  0 328.750000      0    101       0.0326
  0 328.750000      0    102       0.0076
  0 328.750000      0    103      -0.0712
  0 328.750000      0    104      -0.0564
  0 328.750000      0    105       0.0114
  0 328.750000      0    106      -0.0107
  0 328.750000      0    107      -0.0594
  0 328.750000      0    108      -0.0297
  0 328.750000      0    109      -0.0143
  0 328.750000      0    110      -0.0267
  0 328.750000      0    111      -0.0121
  0 328.750000      0    112      -0.0404
  0 328.750000      0    113      -0.0627
  0 328.750000      0    114       0.0513
  0 328.750000      0    115      -0.0535
  0 328.750000      0    116      -0.0291
  0 328.750000      0    117      -0.0722
  0 328.750000      0    118       0.0725
  0 328.750000      0    119      -0.0039
  0 328.750000      0    120      -0.0354
  0 328.750000      0    121      -0.0115
  0 328.750000      0    122      -0.0965
  0 328.750000      0    123      -0.0204
  0 328.750000      0    124       0.0113
  0 328.750000      0    125      -0.0094
  0 328.750000      0    126       0.0045
  0 328.750000      0    127      -0.0542
  0 328.750000      0    128      -0.0386
  0 328.750000      0    129      -0.0021
  0 328.750000      0    130       0.0640
  0 328.750000      0    131      -0.0049
  0 328.750000      0    132      -0.0272
  0 328.750000      0    133       0.0348
  0 328.750000      0    134      -0.0742
  0 328.750000      0    135      -0.0565
  0 328.750000      0    136      -0.0425
  0 328.750000      0    137       0.0354
  0 328.750000      0    138       0.0107
  0 328.750000      0    139      -0.0076
  0 328.750000      0    140       0.0183
  0 328.750000      0    141       0.0683
  0 328.750000      0    142       0.0014
  0 328.750000      0    143       0.1280
  0 328.750000      0    144       0.0197
  0 328.750000      0    145       0.0292
  0 328.750000      0    146       0.0537
  0 328.750000      0    147      -0.0072
  0 328.750000      0    148      -0.0749
  0 328.750000      0    149      -0.1185
  0 328.750000      0    150      -0.0082
  0 328.750000      0    151      -0.0136
  0 328.750000      0    152       0.1397
  0 328.750000      0    153       0.0326
  0 328.750000      0    154      -0.0029
  0 328.750000      0    155       0.0642
  0 328.750000      0    156      -0.1336
  0 328.750000      0    157      -0.0166
  0 328.750000      0    158       0.0833
  0 328.750000      0    159      -0.0343
  0 328.750000      0    160      -0.0177
  0 328.750000      0    161      -0.0009
  0 328.750000      0    162       0.0561
  0 328.750000      0    163      -0.0533
  0 328.750000      0    164       0.0313
  0 328.750000      0    165      -0.0126
  0 328.750000      0    166      -0.0650
  0 328.750000      0    167      -0.0539
  0 328.750000      0    168       0.0599
  0 328.750000      0    169       0.0248
  0 328.750000      0    170      -0.0278
  0 328.750000      0    171      -0.0148
  0 328.750000      0    172       0.0067
  0 328.750000      0    173      -0.0174
  0 328.750000      0    174      -0.0430
  0 328.750000      0    175      -0.0000
  0 328.750000      0    176       0.0649
  0 328.750000      0    177       0.0104
  0 328.750000      0    178       0.0779
  0 328.750000      0    179      -0.0343
  0 328.750000      0    180       0.0566
  0 328.750000      0    181       0.0140
  0 328.750000      0    182       0.0429
  0 328.750000      0    183       0.0779
  0 328.750000      0    184       0.0341
  0 328.750000      0    185       0.0037
  0 328.750000      0    186      -0.1541
  0 328.750000      0    187       0.0071
  0 328.750000      0    188       0.0183
  0 328.750000      0    189       0.0036
  0 328.750000      0    190       0.0639
  0 328.750000      0    191       0.0908
  0 328.750000      0    192      -0.0360
  0 328.750000      0    193       0.0613
  0 328.750000      0    194       0.0410
  0 328.750000      0    195       0.0191
  0 328.750000      0    196       0.1014
  0 328.750000      0    197       0.0661
  0 328.750000      0    198      -0.0370
  0 328.750000      0    199      -0.0019
  0 328.750000      0    200       0.0583
  0 328.750000      0    201      -0.0284
  0 328.750000      0    202       0.0270
  0 328.750000      0    203       0.0512
  0 328.750000      0    204      -0.0340
  0 328.750000      0    205      -0.0834
  0 328.750000      0    206       0.0816
  0 328.750000      0    207       0.1012
  0 328.750000      0    208      -0.1363
  0 328.750000      0    209      -0.0079
  0 328.750000      0    210       0.0271
  0 328.750000      0    211       0.0363
  0 328.750000      0    212       0.0525
  0 328.750000      0    213       0.0514
  0 328.750000      0    214       0.0814
  0 328.750000      0    215       0.0023
  0 328.750000      0    216      -0.0422
  0 328.750000      0    217       0.0704
  0 328.750000      0    218       0.1229
  0 328.750000      0    219       0.0554
  0 328.750000      0    220       0.0177
  0 328.750000      0    221       0.1265
  0 328.750000      0    222       0.0848
  0 328.750000      0    223       0.2358
  0 328.750000      0    224       0.2521
  0 328.750000      0    225       0.1848
  0 328.750000      0    226       0.1807
  0 328.750000      0    227       0.2097
  0 328.750000      0    228       0.3576
  0 328.750000      0    229       0.4378
  0 328.750000      0    230       0.4436
  0 328.750000      0    231       0.4327
  0 328.750000      0    232       0.6200
  0 328.750000      0    233       0.6032
  0 328.750000      0    234       0.5188
  0 328.750000      0    235       0.6370
  0 328.750000      0    236       0.6291
  0 328.750000      0    237       0.7013
  0 328.750000      0    238       0.7576
  0 328.750000      0    239       0.7690
  0 328.750000      0    240       1.0296
  0 328.750000      0    241       0.9666
  0 328.750000      0    242       1.0509
  0 328.750000      0    243       1.3048
  0 328.750000      0    244       1.4283
  0 328.750000      0    245       1.6281
  0 328.750000      0    246       1.7500
  0 328.750000      0    247       1.7771
  0 328.750000      0    248       1.9407
  0 328.750000      0    249       1.9292
  0 328.750000      0    250       1.8603
  0 328.750000      0    251       1.7019
  0 328.750000      0    252       1.4769
  0 328.750000      0    253       1.1868
  0 328.750000      0    254       1.0369
  0 328.750000      0    255       0.9696
