1.246786097138102309e-09
2.493572194276204618e-09
3.740358291414306927e-09
4.987144388552409236e-09
6.233930485690511545e-09
7.480716582828613854e-09
8.727502679966716991e-09
9.974288777104818472e-09
1.122107487424291995e-08
1.246786097138102144e-08
1.371464706851912623e-08
1.496143316565722771e-08
1.620821926279532919e-08
1.745500535993343067e-08
1.870179145707153546e-08
1.994857755420963694e-08
2.119536365134773843e-08
2.244214974848583991e-08
2.368893584562394139e-08
2.493572194276204618e-08
2.618250803990014766e-08
2.742929413703824914e-08
2.867608023417635394e-08
2.992286633131445542e-08
3.116965242845256021e-08
3.241643852559066500e-08
3.366322462272876317e-08
3.491001071986686796e-08
3.615679681700497275e-08
3.740358291414307093e-08
3.865036901128117572e-08
3.989715510841927389e-08
4.114394120555737868e-08
4.239072730269548347e-08
4.363751339983358164e-08
4.488429949697168643e-08
4.613108559410978461e-08
4.737787169124788940e-08
4.862465778838599419e-08
4.987144388552409236e-08
5.111822998266219715e-08
5.236501607980030194e-08
5.361180217693840012e-08
5.485858827407650491e-08
5.610537437121460970e-08
5.735216046835270787e-08
5.859894656549081266e-08
5.984573266262891083e-08
6.109251875976700901e-08
6.233930485690510718e-08
