1.282595891999269473e-09
2.565191783998538947e-09
3.847787675997808627e-09
5.130383567997077893e-09
6.412979459996347160e-09
7.695575351995617253e-09
8.978171243994887347e-09
1.026076713599415579e-08
1.154336302799342588e-08
1.282595891999269597e-08
1.410855481199196441e-08
1.539115070399123451e-08
1.667374659599050295e-08
1.795634248798977139e-08
1.923893837998903982e-08
2.052153427198831157e-08
2.180413016398758001e-08
2.308672605598684845e-08
2.436932194798612020e-08
2.565191783998538864e-08
2.693451373198465708e-08
2.821710962398392883e-08
2.949970551598319727e-08
3.078230140798246901e-08
3.206489729998174076e-08
3.334749319198100589e-08
3.463008908398027764e-08
3.591268497597954939e-08
3.719528086797881452e-08
3.847787675997808627e-08
3.976047265197735802e-08
4.104306854397662315e-08
4.232566443597589489e-08
4.360826032797516664e-08
4.489085621997443177e-08
4.617345211197370352e-08
4.745604800397297527e-08
4.873864389597224040e-08
5.002123978797151215e-08
5.130383567997078390e-08
5.258643157197004903e-08
5.386902746396932077e-08
5.515162335596859252e-08
5.643421924796785765e-08
5.771681513996712940e-08
5.899941103196640115e-08
6.028200692396565966e-08
6.156460281596492479e-08
6.284719870796420316e-08
6.412979459996346829e-08
