2.869300493232754925e-09
5.738600986465509851e-09
8.607901479698264776e-09
1.147720197293101970e-08
1.434650246616377463e-08
1.721580295939652955e-08
2.008510345262928448e-08
2.295440394586203940e-08
2.582370443909479433e-08
2.869300493232754925e-08
3.156230542556030749e-08
3.443160591879305911e-08
3.730090641202581072e-08
4.017020690525856234e-08
4.303950739849132719e-08
4.590880789172407881e-08
4.877810838495683042e-08
5.164740887818958204e-08
5.451670937142234689e-08
5.738600986465509851e-08
