File: 1640aligned.std Src: J1640+2224 Nsub: 1 Nch: 1 Npol: 1 Nbin: 128 RMS: 1.86944e-07
MJD(mid): 55779.354408079247 Tsub: 80519.892 Freq: 1546.063 BW: -384
0 0 0 0.00916095
0 0 1 0.00605251
0 0 2 0.00352392
0 0 3 0.00251254
0 0 4 0.00220396
0 0 5 0.0020434
0 0 6 0.00183177
0 0 7 0.00169506
0 0 8 0.0016443
0 0 9 0.00116598
0 0 10 0.000668397
0 0 11 0.000487346
0 0 12 0.000375107
0 0 13 0.000313024
0 0 14 0.000258586
0 0 15 0.000217605
0 0 16 0.000175707
0 0 17 0.000140536
0 0 18 0.000106895
0 0 19 8.0594e-05
0 0 20 5.7351e-05
0 0 21 4.08363e-05
0 0 22 2.73796e-05
0 0 23 1.85106e-05
0 0 24 1.14764e-05
0 0 25 7.50102e-06
0 0 26 4.44256e-06
0 0 27 2.60738e-06
0 0 28 1.38409e-06
0 0 29 1.07862e-06
0 0 30 4.6674e-07
0 0 31 4.6674e-07
0 0 32 1.608e-07
0 0 33 -1.44674e-07
0 0 34 1.608e-07
0 0 35 -1.44674e-07
0 0 36 1.608e-07
0 0 37 -1.44674e-07
0 0 38 1.608e-07
0 0 39 -1.44674e-07
0 0 40 1.608e-07
0 0 41 -1.44674e-07
0 0 42 1.608e-07
0 0 43 -1.44674e-07
0 0 44 1.608e-07
0 0 45 -1.44674e-07
0 0 46 1.608e-07
0 0 47 -1.44674e-07
0 0 48 1.608e-07
0 0 49 -1.44674e-07
0 0 50 1.608e-07
0 0 51 -1.44674e-07
0 0 52 1.608e-07
0 0 53 -1.44674e-07
0 0 54 1.608e-07
0 0 55 -1.44674e-07
0 0 56 1.608e-07
0 0 57 -1.44674e-07
0 0 58 1.608e-07
0 0 59 -1.44674e-07
0 0 60 1.608e-07
0 0 61 -1.44674e-07
0 0 62 1.608e-07
0 0 63 -1.44674e-07
0 0 64 1.608e-07
0 0 65 -1.44674e-07
0 0 66 1.608e-07
0 0 67 -1.44674e-07
0 0 68 1.608e-07
0 0 69 -1.44674e-07
0 0 70 1.608e-07
0 0 71 -1.44674e-07
0 0 72 1.608e-07
0 0 73 -1.44674e-07
0 0 74 1.608e-07
0 0 75 -1.44674e-07
0 0 76 1.608e-07
0 0 77 -1.44674e-07
0 0 78 1.608e-07
0 0 79 -1.44674e-07
0 0 80 1.608e-07
0 0 81 -1.44674e-07
0 0 82 1.608e-07
0 0 83 -1.44674e-07
0 0 84 1.608e-07
0 0 85 -1.44674e-07
0 0 86 1.608e-07
0 0 87 -4.50613e-07
0 0 88 1.608e-07
0 0 89 -4.50613e-07
0 0 90 4.6674e-07
0 0 91 -4.50613e-07
0 0 92 4.6674e-07
0 0 93 -4.50613e-07
0 0 94 4.6674e-07
0 0 95 -4.50613e-07
0 0 96 4.6674e-07
0 0 97 -4.50613e-07
0 0 98 4.6674e-07
0 0 99 -4.50613e-07
0 0 100 4.6674e-07
0 0 101 -4.50613e-07
0 0 102 4.6674e-07
0 0 103 -4.50613e-07
0 0 104 4.6674e-07
0 0 105 -4.50613e-07
0 0 106 4.6674e-07
0 0 107 -4.50613e-07
0 0 108 7.72679e-07
0 0 109 4.6674e-07
0 0 110 5.35991e-06
0 0 111 1.85106e-05
0 0 112 6.56081e-05
0 0 113 0.000174177
0 0 114 0.00036685
0 0 115 0.000608149
0 0 116 0.000861375
0 0 117 0.00117026
0 0 118 0.00178345
0 0 119 0.00319944
0 0 120 0.00533534
0 0 121 0.00662533
0 0 122 0.00677977
0 0 123 0.00704646
0 0 124 0.00742415
0 0 125 0.00777555
0 0 126 0.00874564
0 0 127 0.0100203
