# 0.0 0.0 1.0 1 1400.0 0.0 64 5 1 SRC
0 1.917800
1 1.322000
2 0.613700
3 0.374100
4 0.325400
5 0.220900
6 0.093600
7 0.041600
8 -0.006100
9 -0.001500
10 0.012400
11 -0.013600
12 -0.032600
13 -0.039700
14 0.016900
15 -0.024600
16 -0.017100
17 -0.001500
18 0.000700
19 -0.000900
20 -0.008700
21 -0.028500
22 0.005700
23 -0.020100
24 -0.024600
25 -0.006100
26 0.006300
27 -0.002700
28 -0.001800
29 -0.011500
30 -0.006000
31 0.004300
32 0.016200
33 0.012300
34 -0.004000
35 0.000600
36 0.035300
37 -0.001300
38 -0.000000
39 -0.000000
40 -0.004600
41 -0.024400
42 0.024900
43 -0.024900
44 0.020700
45 -0.007300
46 -0.011700
47 0.017500
48 0.026400
49 -0.008200
50 0.016900
51 -0.014800
52 -0.004300
53 -0.001900
54 0.006600
55 0.006100
56 -0.009300
57 0.012900
58 0.025800
59 0.205300
60 0.665200
61 1.160500
62 1.452400
63 1.780000
