0
0.615385
0.550725
0.509615
0.477941
0.503106
0.429293
0.367965
0.326923
0.290541
0.269113
0.25
0.230179
0.211765
0.201342
0.191489
0.181452
0.172285
0.16458
0.157895
0.152209
0.14486
0.137778
0.130986
0.124498
0.118926
0.117073
0.113318
0.109977
0.105895
0.104762
0.102804
0.100402
0.0997067
0.0972616
0.0956762
0.0952805
0.0935875
0.0927487
0.0910582
0.0889423
0.0886275
0.0870894
0.0849478
0.0878722
0.0860974
0.0851801
0.0853081
0.0848806
0.08468
0.0831218
0.0822348
0.0810142
0.0819071
0.0826297
0.0844735
0.0841176
0.0845397
0.0846682
0.084276
0.0836587
0.0831486
0.0825083
0.0816104
0.0811392
0.0807651
0.0801887
0.0802277
0.0797735
0.0795512
0.0792529
0.0783433
0.078248
0.0787671
0.0777027
0.0768496
0.0767773
0.0764182
0.0756732
0.0750806
0.0743953
0.073689
0.0732255
0.0727029
0.0724702
0.0719298
0.0718641
0.0713977
0.0708459
0.0703025
0.071912
0.0722386
0.0717564
0.071606
0.0713993
0.0719805
0.0722648
0.0720865
0.0718254
0.0713725
0.0709552
0.070379
0.0697318
0.0691489
0.0688091
0.0689914
0.0685289
0.0677218
0.0675676
0.0669562
0.066475
0.0658832
0.0653479
0.0658494
0.0653458
0.0649844
0.064494
0.0641201
0.0637072
0.063321
0.0634603
0.063081
0.0629532
0.0630925
0.062702
0.0622393
0.0618425
0.061373
0.0610831
0.0605682
0.0601924
0.0598396
0.0595457
0.0590743
0.0586457
0.0585761
0.0585075
0.0583531
0.0583039
0.057844
0.0577649
0.0573487
0.0571019
0.0568084
0.0570375
0.0567476
0.0564765
0.0567039
0.0563576
0.056338
0.0559824
0.0558888
0.0556158
0.0553605
0.0549598
0.0546812
0.05442
0.054411
0.0543022
0.0540329
0.0537942
0.0538024
0.0533744
0.0532484
0.0532725
0.0529501
0.052658
0.0523691
0.0522795
0.0522554
0.0520245
0.0517199
0.051699
0.0513006
0.0513806
0.051889
0.0515807
0.0515245
0.0514568
0.0512881
0.0509658
0.0506827
0.050426
0.0502178
0.0500343
0.049818
0.0497738
0.0495161
0.0493384
0.0490415
0.0488238
0.0488182
0.0485608
0.0483906
0.0484399
0.0484046
0.0485437
0.0482729
0.0480769
0.0478927
0.0479626
0.0479814
0.0481801
0.0479581
0.0479666
0.048005
0.0482002
0.0481878
0.048
0.0480376
0.0478128
0.0476287
0.047446
0.0474277
0.0472378
0.0472488
0.0470331
0.0468102
0.0466352
0.0466484
0.0469877
0.046972
0.0473705
0.0472062
0.0470611
0.0470363
0.0470745
0.0469136
0.0469341
0.0467307
0.0469925
0.0468165
0.0468721
0.046689
0.0464987
0.0462758
0.0461058
0.0459034
0.0456945
0.0455701
0.045356
0.0452089
0.0450224
0.0450402
0.0449438
0.0447205
0.0444758
0.0442804
0.044164
0.0440328
0.0438261
