0
0.851852
0.884615
0.885714
0.880435
0.889831
0.862069
0.843575
0.821256
0.80083
0.784906
0.774306
0.772871
0.747826
0.743316
0.724566
0.703704
0.697168
0.693252
0.68616
0.680891
0.673721
0.655
0.646688
0.64697
0.639824
0.639944
0.643817
0.644788
0.636139
0.638725
0.640678
0.640777
0.633994
0.633503
0.635468
0.632984
0.626031
0.626344
0.62054
0.619898
0.617623
0.615883
0.609756
0.608327
0.610106
0.612426
0.611111
0.607595
0.604972
0.603239
0.603069
0.601449
0.60078
0.601282
0.600506
0.601124
0.604436
0.607056
0.607336
0.605107
0.605418
0.605003
0.603892
0.603731
0.601898
0.602436
0.603732
0.605733
0.603642
0.604134
0.604517
0.604893
0.604938
0.605505
0.603831
0.602301
0.600397
0.6
0.59854
0.595867
0.596391
0.595765
0.593228
0.591264
0.590455
0.588659
0.588104
0.586466
0.586585
0.586162
0.584987
0.583938
0.584531
0.581833
0.582746
0.583265
0.583198
0.582462
0.582233
0.581912
0.581925
0.580507
0.578947
0.577957
0.577626
0.577257
0.577068
0.576379
0.576767
0.576414
0.576067
0.575
0.575594
0.575617
0.576637
0.575789
0.575514
0.575779
0.576685
0.575675
0.575943
0.576197
0.575869
0.576693
0.576594
0.575817
0.576023
0.57655
0.574366
0.57344
0.573248
0.57319
0.572416
0.573121
0.57311
0.573272
0.57335
0.573427
0.572249
0.572372
0.571429
0.570623
0.570501
0.569168
0.568645
0.567958
0.567802
0.566476
0.565688
0.565476
0.564666
0.563708
0.562361
0.562621
0.561659
0.561135
0.560553
0.561153
0.56059
0.559819
0.55947
0.558808
0.559224
0.558448
0.558724
0.558338
0.55787
0.557658
0.556772
0.556933
0.556675
0.557196
0.557132
0.557511
0.556597
0.557052
0.556503
0.556741
0.557298
0.557554
0.557068
0.556295
0.555897
0.554955
0.554231
0.554208
0.554035
0.552401
0.552215
0.551976
0.552045
0.552013
0.551057
0.549687
0.548985
0.548967
0.549215
0.549218
0.54874
0.548528
0.548611
0.548164
0.547583
0.547497
0.547098
0.546667
0.546048
0.545245
0.545474
0.545492
0.545248
0.544689
0.544915
0.543881
0.54418
0.543892
0.544026
0.543046
0.543165
0.54321
0.542104
0.542998
0.541961
0.541349
0.541472
0.541254
0.541215
0.54104
0.541034
0.540597
0.54003
0.539628
0.539785
0.539171
0.538563
0.538102
0.538318
0.537051
0.536928
0.536509
0.535969
0.534744
0.534254
0.533937
0.533117
0.532841
0.532831
0.532581
0.532267
0.532555
