0.788732
0.810606
0.801047
0.805556
0.805112
0.811671
0.804598
0.802395
0.80742
0.813187
0.813656
0.814767
0.81764
0.817778
0.819876
0.820039
0.817847
0.814655
0.813725
0.809487
0.811391
0.812411
0.814511
0.814352
0.81599
0.820279
0.819404
0.818999
0.818428
0.814815
0.811463
0.811622
0.809658
0.810259
0.809167
0.80756
0.8079
0.806061
0.805348
0.806513
0.806945
0.807496
0.809659
0.809078
0.808554
0.806055
0.805537
0.805041
0.806644
0.807811
0.805254
0.805037
0.803436
0.799886
0.798597
0.796082
0.794405
0.792549
0.789945
0.785918
0.783984
0.780622
0.77852
0.775778
0.773161
0.770207
0.76713
0.7648
0.763742
0.761452
0.759904
0.759291
0.757188
0.756831
0.75665
0.754822
0.7535
0.751352
0.750987
0.750683
0.749183
0.747253
0.746579
0.74569
0.745428
0.744669
0.744153
0.743165
0.741355
0.739821
0.739583
0.738565
0.737861
0.736451
0.736816
0.734965
0.734189
0.733323
0.73221
0.732126
0.730139
0.727523
0.726237
0.724039
0.721766
0.719143
0.717089
0.713954
0.712992
0.711437
0.709104
0.707167
0.705082
0.703775
0.702008
0.699499
0.697335
0.695001
0.694028
0.692408
0.690754
0.68876
0.687707
0.686133
0.684798
0.683752
0.682828
0.681852
0.679869
0.678162
0.677153
0.67616
0.674564
0.673923
0.672704
0.670962
0.668875
0.668141
0.667642
0.666443
0.664816
0.663874
0.663564
0.662206
0.660506
0.659613
0.658029
0.656468
0.655241
0.654079
0.65189
0.648807
0.648809
0.64734
0.645524
0.643087
0.641572
0.639928
0.638433
0.637527
0.635377
0.633537
0.632326
0.630554
0.62916
0.627074
0.625637
0.624308
0.623437
0.622113
0.620766
0.61948
0.618565
0.616927
0.615662
0.613916
0.611759
0.610359
0.608061
0.60693
0.605902
0.604994
0.603811
0.602882
0.601774
0.599949
0.598633
0.596658
0.595652
0.594842
0.593579
0.592492
0.591404
0.59075
0.589742
0.588667
0.586967
0.58621
0.585484
0.584255
