0
0.813433
0.799283
0.603286
0.520979
0.475728
0.44224
0.416162
0.398941
0.389549
0.380682
0.373711
0.370567
0.368306
0.361799
0.35543
0.357835
0.35189
0.347571
0.348036
0.34
0.330659
0.32384
0.316339
0.31064
0.305516
0.302807
0.300789
0.296371
0.292689
0.289449
0.286535
0.283895
0.28259
0.279016
0.277664
0.275855
0.275267
0.274632
0.277246
0.27708
0.277176
0.278129
0.277601
0.277995
0.277449
0.2792
0.280863
0.28096
0.281117
0.281619
0.281938
0.281649
0.282377
0.282538
0.283001
0.284404
0.284964
0.286752
0.287069
0.287345
0.286679
0.285255
0.284736
0.284522
0.285253
0.28541
0.285664
0.286309
0.287151
0.287701
0.287696
0.286899
0.286854
0.287877
0.289353
0.28939
0.289653
0.28914
0.288416
0.28784
0.287577
0.286358
0.286026
0.285756
0.28524
0.2853
0.290103
0.294067
0.299652
0.303132
0.308325
0.313267
0.317851
0.321699
0.325465
0.325295
0.325095
0.329668
0.334516
0.338878
0.343285
0.347426
0.351799
0.35508
0.358814
0.361483
0.36553
0.369969
0.370164
0.374525
0.377612
0.37809
0.380706
0.383049
0.38552
0.384551
0.384384
0.383631
0.382816
0.382891
0.382202
0.381789
0.381045
0.382678
0.386414
0.389837
0.39362
0.396945
0.398932
0.398733
0.398426
0.397864
0.397283
0.397314
0.396928
0.397118
0.396937
0.398334
0.401225
0.403331
0.405708
0.408387
0.408298
0.409879
0.41077
0.410204
0.409886
0.40908
0.409303
0.40939
0.409617
0.409293
0.408757
0.408372
0.407938
0.407375
0.406809
0.406297
0.405937
0.405283
0.404487
0.403825
0.403579
0.403401
0.405141
0.405583
0.406986
0.407575
0.408499
0.410717
0.410669
0.410595
0.410243
0.410059
0.409497
0.408404
0.408029
0.407054
0.40639
0.405665
0.404635
0.403913
0.402889
0.402324
0.404657
0.406536
0.408296
0.410364
0.412503
0.415077
0.417238
0.418894
0.421148
0.423262
0.425363
0.427332
0.429127
0.431137
0.433226
0.4351
0.436433
0.436481
0.438029
0.44014
0.441852
0.443404
0.443456
0.443455
0.445792
0.447927
0.448083
0.447884
0.447185
0.446378
0.446221
0.447503
0.449236
0.450463
0.451689
0.453615
0.454632
0.456351
0.457224
0.458751
0.460425
0.462176
0.463819
0.46536
0.467107
0.468789
0.470137
0.471923
0.47368
0.47309
0.472905
0.472294
0.47165
0.471191
0.47034
0.469791
0.4697
0.470808
0.470439
0.470241
0.469921
0.469321
0.470361
0.471451
0.472679
0.473702
