# 0.0 0.0 1.0 1 1400.0 0.0 64 5 1 SRC
0 3.560400
1 1.845700
2 0.544900
3 0.098000
4 0.118600
5 -0.111700
6 -0.079100
7 -0.120800
8 0.028800
9 0.006900
10 0.037800
11 0.043800
12 0.220900
13 0.006000
14 -0.062300
15 0.061500
16 0.032200
17 0.047300
18 0.095000
19 0.107900
20 0.024100
21 -0.016300
22 0.022300
23 -0.013300
24 0.066200
25 0.037000
26 0.047700
27 -0.076500
28 0.019300
29 0.104900
30 -0.086400
31 -0.094500
32 0.080400
33 0.005600
34 -0.154300
35 0.174500
36 -0.321000
37 0.010300
38 -0.111700
39 0.063600
40 -0.053300
41 -0.015000
42 0.027900
43 0.071800
44 -0.107000
45 -0.099300
46 0.025800
47 -0.016300
48 -0.021100
49 -0.062700
50 0.105300
51 -0.173200
52 0.116000
53 -0.021900
54 0.130200
55 0.059300
56 0.120800
57 0.203700
58 0.389300
59 0.945900
60 1.854700
61 2.278900
62 2.523400
63 3.532400
