# 0.0 0.0 1.0 1 1400.0 0.0 128 5 1 SRC
0 1.950500
1 1.615700
2 1.112000
3 0.790100
4 0.761600
5 1.023600
6 1.208300
7 1.060600
8 0.826500
9 0.673400
10 0.492300
11 0.421400
12 0.359200
13 0.448700
14 0.511900
15 0.528000
16 0.527500
17 0.513900
18 0.490700
19 0.439600
20 0.388900
21 0.322400
22 0.275400
23 0.290500
24 0.276500
25 0.287800
26 0.221300
27 0.125700
28 0.147000
29 0.120800
30 0.121900
31 0.086900
32 0.051700
33 0.059000
34 0.054100
35 0.096100
36 0.039200
37 0.018700
38 0.018200
39 0.044000
40 0.000500
41 -0.048500
42 -0.035800
43 -0.010500
44 0.003000
45 -0.033700
46 -0.056900
47 -0.005600
48 0.011400
49 -0.047400
50 -0.027300
51 -0.038600
52 -0.024400
53 -0.055200
54 -0.003400
55 0.061300
56 0.001000
57 0.009500
58 -0.013400
59 -0.028600
60 0.007800
61 0.020700
62 -0.045500
63 -0.040800
64 -0.029600
65 0.001900
66 0.005900
67 -0.037400
68 0.017600
69 -0.039400
70 -0.029600
71 0.026900
72 -0.026400
73 0.009800
74 0.024200
75 0.029800
76 -0.007100
77 -0.029200
78 0.025900
79 0.031000
80 0.056400
81 -0.016500
82 0.026400
83 -0.029200
84 0.010400
85 0.007600
86 0.024100
87 -0.004700
88 -0.032900
89 0.057100
90 -0.004000
91 0.026900
92 -0.004700
93 0.013200
94 -0.032000
95 -0.007500
96 -0.011500
97 0.053100
98 0.035400
99 0.019800
100 0.038900
101 0.013700
102 0.080600
103 -0.007500
104 0.076500
105 0.037300
106 0.013400
107 -0.008400
108 0.024600
109 0.016700
110 0.049100
111 0.034600
112 0.122500
113 0.135400
114 0.155300
115 0.253300
116 0.118800
117 0.207800
118 0.315800
119 0.550500
120 0.862100
121 1.025500
122 1.132500
123 1.252900
124 1.518500
125 1.548200
126 1.206700
127 1.515300
