# 0.0 0.0 1.0 1 1400.0 0.0 256 5 1 SRC
0 0.863400
1 0.958900
2 0.880900
3 0.689500
4 0.442600
5 0.217400
6 0.115500
7 0.177700
8 0.050100
9 -0.010600
10 0.111500
11 -0.027900
12 -0.022400
13 0.041900
14 0.084100
15 0.163700
16 -0.000700
17 -0.040500
18 -0.008900
19 0.022200
20 -0.009100
21 -0.100400
22 0.008700
23 0.008500
24 0.072800
25 -0.005500
26 0.033100
27 0.010500
28 0.102600
29 0.010300
30 0.002400
31 0.060100
32 -0.077000
33 -0.034200
34 -0.053600
35 0.050900
36 -0.018200
37 -0.096800
38 0.021000
39 0.089800
40 -0.030300
41 -0.089400
42 -0.073500
43 -0.031900
44 0.047900
45 0.053700
46 0.056000
47 0.088800
48 0.030000
49 0.054500
50 0.013100
51 0.038000
52 0.034600
53 -0.026100
54 0.022300
55 0.067800
56 -0.054100
57 -0.046700
58 -0.018800
59 -0.038800
60 -0.017600
61 -0.024900
62 -0.048700
63 -0.043100
64 -0.063000
65 -0.025100
66 -0.017600
67 -0.051500
68 -0.079300
69 -0.007200
70 0.015100
71 0.041000
72 -0.150900
73 -0.026200
74 -0.021100
75 -0.044600
76 -0.064800
77 0.103300
78 -0.016000
79 0.054800
80 -0.019500
81 -0.001000
82 -0.020700
83 -0.040600
84 0.015900
85 -0.032900
86 -0.052500
87 0.024900
88 0.092200
89 -0.038800
90 0.026200
91 0.019100
92 0.034900
93 0.021600
94 0.075100
95 0.017700
96 -0.060800
97 0.005800
98 -0.006600
99 0.068000
100 -0.007100
101 0.032600
102 0.007600
103 -0.071200
104 -0.056400
105 0.011400
106 -0.010700
107 -0.059400
108 -0.029700
109 -0.014300
110 -0.026700
111 -0.012100
112 -0.040400
113 -0.062700
114 0.051300
115 -0.053500
116 -0.029100
117 -0.072200
118 0.072500
119 -0.003900
120 -0.035400
121 -0.011500
122 -0.096500
123 -0.020400
124 0.011300
125 -0.009400
126 0.004500
127 -0.054200
128 -0.038600
129 -0.002100
130 0.064000
131 -0.004900
132 -0.027200
133 0.034800
134 -0.074200
135 -0.056500
136 -0.042500
137 0.035400
138 0.010700
139 -0.007600
140 0.018300
141 0.068300
142 0.001400
143 0.128000
144 0.019700
145 0.029200
146 0.053700
147 -0.007200
148 -0.074900
149 -0.118500
150 -0.008200
151 -0.013600
152 0.139700
153 0.032600
154 -0.002900
155 0.064200
156 -0.133600
157 -0.016600
158 0.083300
159 -0.034300
160 -0.017700
161 -0.000900
162 0.056100
163 -0.053300
164 0.031300
165 -0.012600
166 -0.065000
167 -0.053900
168 0.059900
169 0.024800
170 -0.027800
171 -0.014800
172 0.006700
173 -0.017400
174 -0.043000
175 -0.000000
176 0.064900
177 0.010400
178 0.077900
179 -0.034300
180 0.056600
181 0.014000
182 0.042900
183 0.077900
184 0.034100
185 0.003700
186 -0.154100
187 0.007100
188 0.018300
189 0.003600
190 0.063900
191 0.090800
192 -0.036000
193 0.061300
194 0.041000
195 0.019100
196 0.101400
197 0.066100
198 -0.037000
199 -0.001900
200 0.058300
201 -0.028400
202 0.027000
203 0.051200
204 -0.034000
205 -0.083400
206 0.081600
207 0.101200
208 -0.136300
209 -0.007900
210 0.027100
211 0.036300
212 0.052500
213 0.051400
214 0.081400
215 0.002300
216 -0.042200
217 0.070400
218 0.122900
219 0.055400
220 0.017700
221 0.126500
222 0.084800
223 0.235800
224 0.252100
225 0.184800
226 0.180700
227 0.209700
228 0.357600
229 0.437800
230 0.443600
231 0.432700
232 0.620000
233 0.603200
234 0.518800
235 0.637000
236 0.629100
237 0.701300
238 0.757600
239 0.769000
240 1.029600
241 0.966600
242 1.050900
243 1.304800
244 1.428300
245 1.628100
246 1.750000
247 1.777100
248 1.940700
249 1.929200
250 1.860300
251 1.701900
252 1.476900
253 1.186800
254 1.036900
255 0.969600
