# 0.0 0.0 1.0 1 1400.0 0.0 256 5 1 SRC
0 1.366100
1 1.171300
2 0.960700
3 0.683700
4 0.363300
5 0.265000
6 0.150500
7 0.090700
8 0.080500
9 0.040900
10 -0.025600
11 -0.026200
12 -0.031300
13 0.014400
14 0.037300
15 0.002900
16 -0.027900
17 0.002400
18 -0.013600
19 0.002200
20 0.010400
21 0.047900
22 0.012900
23 0.020100
24 0.020300
25 0.024100
26 0.015200
27 -0.032600
28 -0.000400
29 -0.021900
30 0.043100
31 -0.025800
32 -0.001600
33 -0.003400
34 0.012000
35 -0.024500
36 -0.001700
37 0.029400
38 -0.003400
39 0.002700
40 0.069600
41 -0.001100
42 -0.017800
43 0.028700
44 -0.022700
45 -0.020300
46 -0.025200
47 -0.013400
48 -0.016100
49 -0.001800
50 -0.030200
51 0.016300
52 0.053600
53 0.011900
54 0.008100
55 0.007900
56 0.012600
57 0.004900
58 -0.038600
59 0.013800
60 -0.029800
61 -0.037500
62 -0.033600
63 0.032800
64 -0.012600
65 -0.032700
66 -0.000100
67 -0.026000
68 0.001600
69 0.009800
70 0.017100
71 0.042700
72 -0.020800
73 -0.073500
74 -0.011700
75 0.025600
76 -0.018500
77 0.000600
78 0.015000
79 0.011700
80 0.000700
81 -0.016100
82 0.002000
83 0.002900
84 -0.015400
85 -0.010400
86 -0.030100
87 0.001900
88 0.023800
89 0.015800
90 -0.047700
91 0.037400
92 -0.051500
93 -0.019400
94 0.018500
95 -0.027000
96 -0.008500
97 0.000400
98 -0.047500
99 0.022400
100 -0.018800
101 -0.032400
102 0.021900
103 -0.002400
104 -0.006800
105 -0.016600
106 0.020800
107 -0.013600
108 -0.018400
109 -0.008100
110 -0.017800
111 0.011900
112 -0.009700
113 0.018100
114 -0.058300
115 -0.045300
116 0.018700
117 -0.007900
118 -0.066000
119 0.016900
120 0.003300
121 0.011200
122 -0.037200
123 -0.074000
124 -0.018800
125 -0.027300
126 0.016800
127 0.021800
128 -0.048800
129 -0.000500
130 -0.008800
131 -0.003700
132 0.007000
133 -0.016200
134 -0.005100
135 -0.023900
136 -0.020000
137 -0.032500
138 0.030100
139 0.011600
140 0.002500
141 -0.023300
142 0.033800
143 -0.081900
144 -0.023800
145 -0.018400
146 0.005300
147 -0.027400
148 0.001700
149 0.071200
150 0.016400
151 -0.006600
152 -0.007000
153 0.013500
154 0.000800
155 -0.040500
156 -0.004800
157 -0.035100
158 0.052900
159 0.039300
160 0.011200
161 -0.001200
162 0.020200
163 -0.013400
164 0.019500
165 0.039900
166 0.018200
167 -0.024000
168 0.032500
169 -0.001700
170 0.028500
171 0.011100
172 -0.000200
173 -0.024600
174 0.007000
175 0.023600
176 0.035200
177 -0.014800
178 0.016900
179 0.021900
180 0.023200
181 -0.050600
182 0.002900
183 0.033100
184 -0.046100
185 0.026200
186 0.057800
187 0.010000
188 -0.010600
189 -0.015900
190 0.010500
191 -0.007700
192 -0.022700
193 0.044300
194 -0.002500
195 0.003700
196 0.034900
197 0.025400
198 0.027000
199 0.030600
200 -0.003400
201 -0.000200
202 0.016100
203 -0.009900
204 0.012100
205 0.025800
206 0.044500
207 0.010200
208 0.015700
209 -0.058700
210 0.026300
211 0.030400
212 0.041800
213 0.000200
214 0.050400
215 -0.023300
216 0.025700
217 0.062700
218 0.038600
219 0.088800
220 0.082100
221 0.136500
222 0.123900
223 0.187600
224 0.229300
225 0.210000
226 0.278100
227 0.316500
228 0.327400
229 0.379500
230 0.462900
231 0.525700
232 0.591900
233 0.559700
234 0.646300
235 0.654700
236 0.699600
237 0.820700
238 0.830800
239 0.890600
240 1.038700
241 1.125700
242 1.245400
243 1.444700
244 1.558700
245 1.712300
246 1.839400
247 1.939400
248 1.974300
249 1.907400
250 1.742800
251 1.539200
252 1.349400
253 1.288300
254 1.322200
255 1.295700
