# 0.0 0.0 1.0 1 1400.0 0.0 64 5 1 SRC
0 3.578500
1 2.469000
2 1.270400
3 0.574500
4 0.299000
5 0.209800
6 0.110600
7 0.051300
8 -0.051800
9 0.063200
10 -0.022400
11 -0.118700
12 -0.054300
13 -0.036600
14 -0.097700
15 -0.017700
16 0.053500
17 -0.009700
18 0.073300
19 0.218400
20 0.265100
21 0.138100
22 0.253100
23 0.104200
24 0.073500
25 0.153200
26 0.229100
27 0.456200
28 0.935500
29 1.155400
30 1.116800
31 0.913300
32 0.748600
33 0.686200
34 0.557600
35 0.613200
36 0.341100
37 0.131800
38 -0.010200
39 0.003500
40 -0.000900
41 -0.021900
42 -0.128800
43 -0.010000
44 0.015700
45 0.055700
46 -0.006300
47 0.101400
48 0.123900
49 0.152200
50 0.297700
51 0.236000
52 0.397600
53 0.612500
54 0.694900
55 0.916800
56 1.278900
57 1.944500
58 2.675600
59 3.225200
60 3.138500
61 3.412400
62 3.710900
63 3.862300
