# 0.0 0.0 1.0 1 1400.0 0.0 64 5 1 SRC
0 3.569900
1 2.348500
2 1.242600
3 0.568400
4 0.364000
5 0.171500
6 0.075600
7 0.024100
8 0.042500
9 -0.014600
10 -0.116700
11 -0.063400
12 -0.145000
13 -0.163700
14 -0.028200
15 -0.039600
16 -0.073300
17 -0.073900
18 -0.032400
19 0.114600
20 0.100500
21 0.064200
22 0.085700
23 0.025400
24 0.037200
25 0.034100
26 0.138900
27 0.456800
28 0.767000
29 0.872400
30 0.821200
31 0.729400
32 0.628200
33 0.603200
34 0.539100
35 0.505600
36 0.299800
37 0.190000
38 0.047900
39 -0.050000
40 -0.018700
41 -0.064200
42 -0.011600
43 -0.091800
44 -0.027300
45 -0.029900
46 0.016100
47 0.005300
48 0.042400
49 0.090500
50 0.165300
51 0.242600
52 0.386600
53 0.605700
54 0.722500
55 0.880200
56 1.255000
57 1.902900
58 2.618200
59 2.990100
60 3.052000
61 3.340400
62 3.681000
63 3.793200
