File: 1730aligned.std Src: J1730-2304 Nsub: 1 Nch: 1 Npol: 1 Nbin: 1024 RMS: 4.1985e-07
MJD(mid): 55714.575167279667 Tsub: 17679.870 Freq: 1551.930 BW: -384
0 0 0 0.0507918
0 0 1 0.0507224
0 0 2 0.0503146
0 0 3 0.0495887
0 0 4 0.0485717
0 0 5 0.0472993
0 0 6 0.0458187
0 0 7 0.0441824
0 0 8 0.0424463
0 0 9 0.0406679
0 0 10 0.0389014
0 0 11 0.0372008
0 0 12 0.0356102
0 0 13 0.0341685
0 0 14 0.0329079
0 0 15 0.0318521
0 0 16 0.0310128
0 0 17 0.0303935
0 0 18 0.0299975
0 0 19 0.0298131
0 0 20 0.0298266
0 0 21 0.0300212
0 0 22 0.0303748
0 0 23 0.0308656
0 0 24 0.0314662
0 0 25 0.0321583
0 0 26 0.0329113
0 0 27 0.0337066
0 0 28 0.0345171
0 0 29 0.0353276
0 0 30 0.0361195
0 0 31 0.0368725
0 0 32 0.0375747
0 0 33 0.0382127
0 0 34 0.0387728
0 0 35 0.0392499
0 0 36 0.0396307
0 0 37 0.0399149
0 0 38 0.0400926
0 0 39 0.040162
0 0 40 0.0401231
0 0 41 0.0399708
0 0 42 0.0397102
0 0 43 0.039343
0 0 44 0.0388709
0 0 45 0.038299
0 0 46 0.0376306
0 0 47 0.0368725
0 0 48 0.0360332
0 0 49 0.0351195
0 0 50 0.0341381
0 0 51 0.0330991
0 0 52 0.0320128
0 0 53 0.0308859
0 0 54 0.0297268
0 0 55 0.0285457
0 0 56 0.0273561
0 0 57 0.0261615
0 0 58 0.0249703
0 0 59 0.0237926
0 0 60 0.0226335
0 0 61 0.0215031
0 0 62 0.020405
0 0 63 0.0193457
0 0 64 0.0183288
0 0 65 0.0173609
0 0 66 0.0164421
0 0 67 0.0155774
0 0 68 0.0147669
0 0 69 0.0140139
0 0 70 0.0133151
0 0 71 0.0126721
0 0 72 0.0120849
0 0 73 0.0115536
0 0 74 0.0110696
0 0 75 0.0106365
0 0 76 0.0102507
0 0 77 0.00990716
0 0 78 0.00960427
0 0 79 0.00933692
0 0 80 0.00910172
0 0 81 0.00889697
0 0 82 0.00871592
0 0 83 0.00855855
0 0 84 0.0084198
0 0 85 0.00829289
0 0 86 0.00817952
0 0 87 0.00807292
0 0 88 0.00797308
0 0 89 0.00787325
0 0 90 0.00777511
0 0 91 0.00767358
0 0 92 0.00756867
0 0 93 0.00745699
0 0 94 0.00734024
0 0 95 0.00721502
0 0 96 0.00708134
0 0 97 0.00693752
0 0 98 0.00678523
0 0 99 0.00662278
0 0 100 0.00645019
0 0 101 0.00626913
0 0 102 0.00607962
0 0 103 0.00588164
0 0 104 0.00567859
0 0 105 0.00546708
0 0 106 0.00525218
0 0 107 0.00503221
0 0 108 0.00481054
0 0 109 0.0045838
0 0 110 0.00435875
0 0 111 0.0041337
0 0 112 0.00391034
0 0 113 0.00369037
0 0 114 0.0034704
0 0 115 0.00325719
0 0 116 0.00304906
0 0 117 0.00284601
0 0 118 0.00264972
0 0 119 0.00246021
0 0 120 0.00227746
0 0 121 0.00210318
0 0 122 0.00193735
0 0 123 0.00177998
0 0 124 0.00162939
0 0 125 0.00148894
0 0 126 0.00135696
0 0 127 0.00123343
0 0 128 0.00111837
0 0 129 0.00101008
0 0 130 0.000910242
0 0 131 0.000818868
0 0 132 0.000734263
0 0 133 0.000656427
0 0 134 0.000585358
0 0 135 0.000521057
0 0 136 0.000461835
0 0 137 0.000409379
0 0 138 0.000362001
0 0 139 0.000318005
0 0 140 0.000279087
0 0 141 0.000245244
0 0 142 0.000213095
0 0 143 0.000186022
0 0 144 0.000162332
0 0 145 0.000140335
0 0 146 0.000121721
0 0 147 0.000104801
0 0 148 8.9572e-05
0 0 149 7.60343e-05
0 0 150 6.58829e-05
0 0 151 5.57296e-05
0 0 152 4.72694e-05
0 0 153 4.05006e-05
0 0 154 3.54249e-05
0 0 155 2.8656e-05
0 0 156 2.52716e-05
0 0 157 2.01959e-05
0 0 158 1.68115e-05
0 0 159 1.51183e-05
0 0 160 1.17358e-05
0 0 161 1.17358e-05
0 0 162 8.35133e-06
0 0 163 8.35133e-06
0 0 164 4.96691e-06
0 0 165 4.96691e-06
0 0 166 3.27376e-06
0 0 167 3.27376e-06
0 0 168 3.27376e-06
0 0 169 1.58248e-06
0 0 170 1.58248e-06
0 0 171 1.58248e-06
0 0 172 1.58248e-06
0 0 173 -1.10663e-07
0 0 174 -1.10663e-07
0 0 175 -1.10663e-07
0 0 176 -1.10663e-07
0 0 177 -1.10663e-07
0 0 178 -1.10663e-07
0 0 179 -1.10663e-07
0 0 180 -1.10663e-07
0 0 181 -1.10663e-07
0 0 182 -1.10663e-07
0 0 183 -1.10663e-07
0 0 184 -1.10663e-07
0 0 185 -1.10663e-07
0 0 186 -1.10663e-07
0 0 187 -1.10663e-07
0 0 188 -1.10663e-07
0 0 189 -1.10663e-07
0 0 190 -1.10663e-07
0 0 191 -1.10663e-07
0 0 192 -1.10663e-07
0 0 193 -1.10663e-07
0 0 194 -1.10663e-07
0 0 195 -1.10663e-07
0 0 196 -1.10663e-07
0 0 197 -1.10663e-07
0 0 198 -1.10663e-07
0 0 199 -1.10663e-07
0 0 200 -1.10663e-07
0 0 201 -1.10663e-07
0 0 202 -1.10663e-07
0 0 203 -1.10663e-07
0 0 204 -1.10663e-07
0 0 205 -1.10663e-07
0 0 206 -1.10663e-07
0 0 207 -1.10663e-07
0 0 208 -1.10663e-07
0 0 209 -1.10663e-07
0 0 210 1.58248e-06
0 0 211 1.58248e-06
0 0 212 1.58248e-06
0 0 213 1.58248e-06
0 0 214 1.58248e-06
0 0 215 1.58248e-06
0 0 216 1.58248e-06
0 0 217 1.58248e-06
0 0 218 1.58248e-06
0 0 219 1.58248e-06
0 0 220 3.27376e-06
0 0 221 3.27376e-06
0 0 222 3.27376e-06
0 0 223 3.27376e-06
0 0 224 3.27376e-06
0 0 225 4.96691e-06
0 0 226 4.96691e-06
0 0 227 4.96691e-06
0 0 228 6.65819e-06
0 0 229 6.65819e-06
0 0 230 8.35133e-06
0 0 231 8.35133e-06
0 0 232 1.00426e-05
0 0 233 1.00426e-05
0 0 234 1.17358e-05
0 0 235 1.17358e-05
0 0 236 1.3427e-05
0 0 237 1.51183e-05
0 0 238 1.68115e-05
0 0 239 1.85027e-05
0 0 240 2.01959e-05
0 0 241 2.18872e-05
0 0 242 2.35803e-05
0 0 243 2.69647e-05
0 0 244 2.8656e-05
0 0 245 3.03473e-05
0 0 246 3.54249e-05
0 0 247 3.71162e-05
0 0 248 3.88093e-05
0 0 249 4.3885e-05
0 0 250 4.72694e-05
0 0 251 5.06539e-05
0 0 252 5.57296e-05
0 0 253 6.08053e-05
0 0 254 6.58829e-05
0 0 255 7.26498e-05
0 0 256 7.77274e-05
0 0 257 8.44963e-05
0 0 258 9.12633e-05
0 0 259 9.80321e-05
0 0 260 0.000106492
0 0 261 0.000113261
0 0 262 0.000121721
0 0 263 0.000131875
0 0 264 0.000142028
0 0 265 0.000152179
0 0 266 0.000164024
0 0 267 0.000174177
0 0 268 0.000187713
0 0 269 0.000201251
0 0 270 0.000214786
0 0 271 0.000230015
0 0 272 0.000245244
0 0 273 0.000260473
0 0 274 0.000277396
0 0 275 0.000296009
0 0 276 0.000312929
0 0 277 0.000333234
0 0 278 0.00035354
0 0 279 0.000373845
0 0 280 0.000395843
0 0 281 0.000419532
0 0 282 0.000443221
0 0 283 0.000468604
0 0 284 0.000493984
0 0 285 0.000519366
0 0 286 0.00054644
0 0 287 0.000575205
0 0 288 0.000603971
0 0 289 0.000632736
0 0 290 0.000664887
0 0 291 0.000697036
0 0 292 0.000729188
0 0 293 0.000763028
0 0 294 0.000796871
0 0 295 0.000829022
0 0 296 0.000864555
0 0 297 0.000900089
0 0 298 0.000937316
0 0 299 0.000974543
0 0 300 0.00101177
0 0 301 0.00104899
0 0 302 0.00108791
0 0 303 0.00112514
0 0 304 0.00116237
0 0 305 0.00120128
0 0 306 0.0012402
0 0 307 0.00127912
0 0 308 0.00131635
0 0 309 0.00135527
0 0 310 0.00139249
0 0 311 0.00143141
0 0 312 0.00146694
0 0 313 0.00150417
0 0 314 0.0015397
0 0 315 0.00157355
0 0 316 0.00160739
0 0 317 0.00164123
0 0 318 0.00167338
0 0 319 0.00170384
0 0 320 0.0017343
0 0 321 0.00176306
0 0 322 0.00179014
0 0 323 0.00181552
0 0 324 0.00183921
0 0 325 0.0018629
0 0 326 0.00188489
0 0 327 0.00190351
0 0 328 0.00192043
0 0 329 0.00193566
0 0 330 0.00195089
0 0 331 0.00196273
0 0 332 0.00197288
0 0 333 0.00197965
0 0 334 0.00198642
0 0 335 0.0019915
0 0 336 0.00199319
0 0 337 0.00199319
0 0 338 0.0019898
0 0 339 0.00198642
0 0 340 0.00198134
0 0 341 0.00197288
0 0 342 0.00196273
0 0 343 0.00195089
0 0 344 0.00193735
0 0 345 0.00192043
0 0 346 0.00190351
0 0 347 0.00188489
0 0 348 0.0018629
0 0 349 0.00183921
0 0 350 0.00181721
0 0 351 0.00179014
0 0 352 0.00176306
0 0 353 0.00173599
0 0 354 0.00170553
0 0 355 0.00167338
0 0 356 0.00164123
0 0 357 0.00160908
0 0 358 0.00157524
0 0 359 0.0015397
0 0 360 0.00150417
0 0 361 0.00146864
0 0 362 0.00142972
0 0 363 0.00139418
0 0 364 0.00135696
0 0 365 0.00131804
0 0 366 0.00127912
0 0 367 0.00124189
0 0 368 0.00120298
0 0 369 0.00116406
0 0 370 0.00112683
0 0 371 0.00108791
0 0 372 0.00105069
0 0 373 0.00101177
0 0 374 0.000974543
0 0 375 0.000939007
0 0 376 0.000901782
0 0 377 0.000864555
0 0 378 0.000830713
0 0 379 0.000796871
0 0 380 0.000763028
0 0 381 0.000730879
0 0 382 0.000697036
0 0 383 0.000666578
0 0 384 0.000634429
0 0 385 0.000603971
0 0 386 0.000576898
0 0 387 0.00054644
0 0 388 0.000519366
0 0 389 0.000493984
0 0 390 0.000468604
0 0 391 0.000443221
0 0 392 0.000419532
0 0 393 0.000397534
0 0 394 0.000373845
0 0 395 0.00035354
0 0 396 0.000333234
0 0 397 0.000314622
0 0 398 0.000296009
0 0 399 0.000277396
0 0 400 0.000260473
0 0 401 0.000245244
0 0 402 0.000230015
0 0 403 0.000214786
0 0 404 0.000199559
0 0 405 0.000189406
0 0 406 0.000175868
0 0 407 0.000164024
0 0 408 0.000153872
0 0 409 0.000142028
0 0 410 0.000131875
0 0 411 0.000123414
0 0 412 0.000114952
0 0 413 0.000106492
0 0 414 9.97234e-05
0 0 415 9.12633e-05
0 0 416 8.28031e-05
0 0 417 7.77274e-05
0 0 418 7.26498e-05
0 0 419 6.58829e-05
0 0 420 6.08053e-05
0 0 421 5.57296e-05
0 0 422 5.23451e-05
0 0 423 4.72694e-05
0 0 424 4.3885e-05
0 0 425 4.05006e-05
0 0 426 3.71162e-05
0 0 427 3.37317e-05
0 0 428 3.20405e-05
0 0 429 2.8656e-05
0 0 430 2.52716e-05
0 0 431 2.52716e-05
0 0 432 2.18872e-05
0 0 433 1.85027e-05
0 0 434 1.85027e-05
0 0 435 1.51183e-05
0 0 436 1.3427e-05
0 0 437 1.3427e-05
0 0 438 1.3427e-05
0 0 439 1.00426e-05
0 0 440 1.00426e-05
0 0 441 8.35133e-06
0 0 442 8.35133e-06
0 0 443 6.65819e-06
0 0 444 6.65819e-06
0 0 445 6.65819e-06
0 0 446 4.96691e-06
0 0 447 4.96691e-06
0 0 448 4.96691e-06
0 0 449 4.96691e-06
0 0 450 3.27376e-06
0 0 451 3.27376e-06
0 0 452 3.27376e-06
0 0 453 3.27376e-06
0 0 454 1.58248e-06
0 0 455 1.58248e-06
0 0 456 1.58248e-06
0 0 457 1.58248e-06
0 0 458 1.58248e-06
0 0 459 1.58248e-06
0 0 460 1.58248e-06
0 0 461 1.58248e-06
0 0 462 1.58248e-06
0 0 463 1.58248e-06
0 0 464 -1.10663e-07
0 0 465 -1.10663e-07
0 0 466 -1.10663e-07
0 0 467 -1.10663e-07
0 0 468 -1.10663e-07
0 0 469 -1.10663e-07
0 0 470 -1.10663e-07
0 0 471 -1.10663e-07
0 0 472 -1.10663e-07
0 0 473 -1.10663e-07
0 0 474 -1.10663e-07
0 0 475 -1.10663e-07
0 0 476 -1.10663e-07
0 0 477 -1.10663e-07
0 0 478 -1.10663e-07
0 0 479 -1.10663e-07
0 0 480 -1.10663e-07
0 0 481 -1.10663e-07
0 0 482 -1.10663e-07
0 0 483 -1.10663e-07
0 0 484 -1.10663e-07
0 0 485 -1.10663e-07
0 0 486 -1.10663e-07
0 0 487 -1.10663e-07
0 0 488 -1.10663e-07
0 0 489 -1.10663e-07
0 0 490 -1.10663e-07
0 0 491 -1.10663e-07
0 0 492 -1.10663e-07
0 0 493 -1.10663e-07
0 0 494 -1.10663e-07
0 0 495 -1.10663e-07
0 0 496 -1.10663e-07
0 0 497 -1.10663e-07
0 0 498 -1.10663e-07
0 0 499 -1.10663e-07
0 0 500 -1.10663e-07
0 0 501 -1.10663e-07
0 0 502 -1.10663e-07
0 0 503 -1.10663e-07
0 0 504 -1.10663e-07
0 0 505 -1.10663e-07
0 0 506 -1.10663e-07
0 0 507 -1.10663e-07
0 0 508 -1.10663e-07
0 0 509 -1.10663e-07
0 0 510 -1.10663e-07
0 0 511 -1.10663e-07
0 0 512 -1.10663e-07
0 0 513 -1.10663e-07
0 0 514 -1.10663e-07
0 0 515 -1.10663e-07
0 0 516 -1.10663e-07
0 0 517 -1.10663e-07
0 0 518 -1.10663e-07
0 0 519 -1.10663e-07
0 0 520 -1.10663e-07
0 0 521 -1.10663e-07
0 0 522 -1.10663e-07
0 0 523 -1.10663e-07
0 0 524 -1.10663e-07
0 0 525 -1.10663e-07
0 0 526 -1.10663e-07
0 0 527 -1.10663e-07
0 0 528 -1.10663e-07
0 0 529 -1.10663e-07
0 0 530 -1.10663e-07
0 0 531 -1.10663e-07
0 0 532 -1.10663e-07
0 0 533 -1.10663e-07
0 0 534 -1.10663e-07
0 0 535 -1.10663e-07
0 0 536 -1.10663e-07
0 0 537 -1.10663e-07
0 0 538 -1.10663e-07
0 0 539 -1.10663e-07
0 0 540 -1.10663e-07
0 0 541 -1.10663e-07
0 0 542 -1.10663e-07
0 0 543 -1.10663e-07
0 0 544 -1.10663e-07
0 0 545 -1.10663e-07
0 0 546 -1.10663e-07
0 0 547 -1.10663e-07
0 0 548 -1.10663e-07
0 0 549 -1.10663e-07
0 0 550 -1.10663e-07
0 0 551 -1.10663e-07
0 0 552 -1.10663e-07
0 0 553 -1.10663e-07
0 0 554 -1.10663e-07
0 0 555 -1.10663e-07
0 0 556 -1.10663e-07
0 0 557 -1.10663e-07
0 0 558 -1.10663e-07
0 0 559 -1.10663e-07
0 0 560 -1.10663e-07
0 0 561 -1.10663e-07
0 0 562 -1.10663e-07
0 0 563 -1.10663e-07
0 0 564 -1.10663e-07
0 0 565 -1.10663e-07
0 0 566 -1.10663e-07
0 0 567 -1.10663e-07
0 0 568 -1.10663e-07
0 0 569 -1.10663e-07
0 0 570 -1.10663e-07
0 0 571 -1.10663e-07
0 0 572 -1.10663e-07
0 0 573 -1.10663e-07
0 0 574 -1.10663e-07
0 0 575 -1.10663e-07
0 0 576 -1.10663e-07
0 0 577 -1.10663e-07
0 0 578 -1.10663e-07
0 0 579 -1.10663e-07
0 0 580 -1.10663e-07
0 0 581 -1.10663e-07
0 0 582 -1.10663e-07
0 0 583 -1.10663e-07
0 0 584 -1.10663e-07
0 0 585 -1.10663e-07
0 0 586 -1.10663e-07
0 0 587 -1.10663e-07
0 0 588 -1.10663e-07
0 0 589 -1.10663e-07
0 0 590 -1.10663e-07
0 0 591 -1.10663e-07
0 0 592 -1.10663e-07
0 0 593 -1.10663e-07
0 0 594 -1.10663e-07
0 0 595 -1.10663e-07
0 0 596 -1.10663e-07
0 0 597 -1.10663e-07
0 0 598 -1.10663e-07
0 0 599 -1.10663e-07
0 0 600 -1.10663e-07
0 0 601 -1.10663e-07
0 0 602 -1.10663e-07
0 0 603 -1.10663e-07
0 0 604 -1.10663e-07
0 0 605 -1.10663e-07
0 0 606 -1.10663e-07
0 0 607 -1.10663e-07
0 0 608 1.58248e-06
0 0 609 1.58248e-06
0 0 610 1.58248e-06
0 0 611 1.58248e-06
0 0 612 1.58248e-06
0 0 613 1.58248e-06
0 0 614 1.58248e-06
0 0 615 1.58248e-06
0 0 616 1.58248e-06
0 0 617 1.58248e-06
0 0 618 1.58248e-06
0 0 619 1.58248e-06
0 0 620 1.58248e-06
0 0 621 1.58248e-06
0 0 622 1.58248e-06
0 0 623 1.58248e-06
0 0 624 1.58248e-06
0 0 625 1.58248e-06
0 0 626 1.58248e-06
0 0 627 1.58248e-06
0 0 628 3.27376e-06
0 0 629 3.27376e-06
0 0 630 3.27376e-06
0 0 631 3.27376e-06
0 0 632 3.27376e-06
0 0 633 3.27376e-06
0 0 634 3.27376e-06
0 0 635 3.27376e-06
0 0 636 3.27376e-06
0 0 637 3.27376e-06
0 0 638 4.96691e-06
0 0 639 4.96691e-06
0 0 640 4.96691e-06
0 0 641 4.96691e-06
0 0 642 4.96691e-06
0 0 643 4.96691e-06
0 0 644 6.65819e-06
0 0 645 6.65819e-06
0 0 646 6.65819e-06
0 0 647 6.65819e-06
0 0 648 6.65819e-06
0 0 649 8.35133e-06
0 0 650 8.35133e-06
0 0 651 8.35133e-06
0 0 652 8.35133e-06
0 0 653 1.00426e-05
0 0 654 1.00426e-05
0 0 655 1.00426e-05
0 0 656 1.00426e-05
0 0 657 1.17358e-05
0 0 658 1.17358e-05
0 0 659 1.3427e-05
0 0 660 1.3427e-05
0 0 661 1.3427e-05
0 0 662 1.51183e-05
0 0 663 1.51183e-05
0 0 664 1.68115e-05
0 0 665 1.68115e-05
0 0 666 1.85027e-05
0 0 667 1.85027e-05
0 0 668 2.01959e-05
0 0 669 2.01959e-05
0 0 670 2.18872e-05
0 0 671 2.18872e-05
0 0 672 2.35803e-05
0 0 673 2.52716e-05
0 0 674 2.52716e-05
0 0 675 2.69647e-05
0 0 676 2.8656e-05
0 0 677 3.03473e-05
0 0 678 3.03473e-05
0 0 679 3.20405e-05
0 0 680 3.37317e-05
0 0 681 3.54249e-05
0 0 682 3.71162e-05
0 0 683 3.88093e-05
0 0 684 4.05006e-05
0 0 685 4.21919e-05
0 0 686 4.3885e-05
0 0 687 4.55763e-05
0 0 688 4.72694e-05
0 0 689 4.89607e-05
0 0 690 5.23451e-05
0 0 691 5.40383e-05
0 0 692 5.74209e-05
0 0 693 5.9114e-05
0 0 694 6.08053e-05
0 0 695 6.41897e-05
0 0 696 6.58829e-05
0 0 697 6.92673e-05
0 0 698 7.09586e-05
0 0 699 7.60343e-05
0 0 700 7.77274e-05
0 0 701 8.28031e-05
0 0 702 8.44963e-05
0 0 703 8.9572e-05
0 0 704 9.12633e-05
0 0 705 9.63408e-05
0 0 706 9.80321e-05
0 0 707 0.000103108
0 0 708 0.000106492
0 0 709 0.000109877
0 0 710 0.000114952
0 0 711 0.00012003
0 0 712 0.000123414
0 0 713 0.00012849
0 0 714 0.000133566
0 0 715 0.000138643
0 0 716 0.000143719
0 0 717 0.000148795
0 0 718 0.000153872
0 0 719 0.000160639
0 0 720 0.000165717
0 0 721 0.000172484
0 0 722 0.000177561
0 0 723 0.000182637
0 0 724 0.000191097
0 0 725 0.000197866
0 0 726 0.000204635
0 0 727 0.000211404
0 0 728 0.000218171
0 0 729 0.000223248
0 0 730 0.000231709
0 0 731 0.000240169
0 0 732 0.000246938
0 0 733 0.000255398
0 0 734 0.000263858
0 0 735 0.000270627
0 0 736 0.000279087
0 0 737 0.00028924
0 0 738 0.0002977
0 0 739 0.00030616
0 0 740 0.000316314
0 0 741 0.000324774
0 0 742 0.000334927
0 0 743 0.000345078
0 0 744 0.000355232
0 0 745 0.000365385
0 0 746 0.000375536
0 0 747 0.00038569
0 0 748 0.000395843
0 0 749 0.000405994
0 0 750 0.000416148
0 0 751 0.000429685
0 0 752 0.000439837
0 0 753 0.00044999
0 0 754 0.000463526
0 0 755 0.000473679
0 0 756 0.000485524
0 0 757 0.000497368
0 0 758 0.000510906
0 0 759 0.000521057
0 0 760 0.000534595
0 0 761 0.00054644
0 0 762 0.000559977
0 0 763 0.000571822
0 0 764 0.000585358
0 0 765 0.000597202
0 0 766 0.00061074
0 0 767 0.000624276
0 0 768 0.000637814
0 0 769 0.000649658
0 0 770 0.000663194
0 0 771 0.000676732
0 0 772 0.000690268
0 0 773 0.000703805
0 0 774 0.000717343
0 0 775 0.000730879
0 0 776 0.000744417
0 0 777 0.000757952
0 0 778 0.00077149
0 0 779 0.000785026
0 0 780 0.000798564
0 0 781 0.000812099
0 0 782 0.000825637
0 0 783 0.000837482
0 0 784 0.000851018
0 0 785 0.000864555
0 0 786 0.000878091
0 0 787 0.000889938
0 0 788 0.000903473
0 0 789 0.000915318
0 0 790 0.000928856
0 0 791 0.0009407
0 0 792 0.000952545
0 0 793 0.000964389
0 0 794 0.000976234
0 0 795 0.000988078
0 0 796 0.000999923
0 0 797 0.00101177
0 0 798 0.00102192
0 0 799 0.00103377
0 0 800 0.00104392
0 0 801 0.00105407
0 0 802 0.00106422
0 0 803 0.00107438
0 0 804 0.00108284
0 0 805 0.00109299
0 0 806 0.00110314
0 0 807 0.0011116
0 0 808 0.00111837
0 0 809 0.00112852
0 0 810 0.00113529
0 0 811 0.00114375
0 0 812 0.00115052
0 0 813 0.00115729
0 0 814 0.00116237
0 0 815 0.00116913
0 0 816 0.00117421
0 0 817 0.00117929
0 0 818 0.00118436
0 0 819 0.00118775
0 0 820 0.00119282
0 0 821 0.00119621
0 0 822 0.00120128
0 0 823 0.00120298
0 0 824 0.00120636
0 0 825 0.00120805
0 0 826 0.00120974
0 0 827 0.00120974
0 0 828 0.00121144
0 0 829 0.00121144
0 0 830 0.00121144
0 0 831 0.00121144
0 0 832 0.00120974
0 0 833 0.00120974
0 0 834 0.00120636
0 0 835 0.00120467
0 0 836 0.00120128
0 0 837 0.00119959
0 0 838 0.00119621
0 0 839 0.00119282
0 0 840 0.00118775
0 0 841 0.00118436
0 0 842 0.00117929
0 0 843 0.00117421
0 0 844 0.00116913
0 0 845 0.00116406
0 0 846 0.00115729
0 0 847 0.00115221
0 0 848 0.00114375
0 0 849 0.00113868
0 0 850 0.00113022
0 0 851 0.00112345
0 0 852 0.00111499
0 0 853 0.00110822
0 0 854 0.00109976
0 0 855 0.0010913
0 0 856 0.00108284
0 0 857 0.00107438
0 0 858 0.00106591
0 0 859 0.00105745
0 0 860 0.00104899
0 0 861 0.00104053
0 0 862 0.00103207
0 0 863 0.00102531
0 0 864 0.00101685
0 0 865 0.00101008
0 0 866 0.00100162
0 0 867 0.000994847
0 0 868 0.000989772
0 0 869 0.000983003
0 0 870 0.000977927
0 0 871 0.000974543
0 0 872 0.000972849
0 0 873 0.000971158
0 0 874 0.000971158
0 0 875 0.000974543
0 0 876 0.000977927
0 0 877 0.000986387
0 0 878 0.000994847
0 0 879 0.00100838
0 0 880 0.00102531
0 0 881 0.00104899
0 0 882 0.00107607
0 0 883 0.00110991
0 0 884 0.00115052
0 0 885 0.0011979
0 0 886 0.00125543
0 0 887 0.00132142
0 0 888 0.00139757
0 0 889 0.00148556
0 0 890 0.00158708
0 0 891 0.00169876
0 0 892 0.00182567
0 0 893 0.00196611
0 0 894 0.00212179
0 0 895 0.00229269
0 0 896 0.00247713
0 0 897 0.0026768
0 0 898 0.00289
0 0 899 0.00311674
0 0 900 0.00335702
0 0 901 0.00360576
0 0 902 0.00386635
0 0 903 0.0041337
0 0 904 0.00440613
0 0 905 0.00468532
0 0 906 0.00496452
0 0 907 0.00524372
0 0 908 0.00551953
0 0 909 0.00579365
0 0 910 0.00606101
0 0 911 0.00632328
0 0 912 0.00657879
0 0 913 0.00682414
0 0 914 0.00706273
0 0 915 0.00729455
0 0 916 0.0075196
0 0 917 0.00774126
0 0 918 0.00795616
0 0 919 0.00817275
0 0 920 0.00838934
0 0 921 0.00860762
0 0 922 0.00883267
0 0 923 0.00906787
0 0 924 0.00931323
0 0 925 0.00957212
0 0 926 0.00984793
0 0 927 0.0101424
0 0 928 0.0104571
0 0 929 0.0107921
0 0 930 0.0111525
0 0 931 0.0115367
0 0 932 0.0119478
0 0 933 0.0123827
0 0 934 0.012843
0 0 935 0.0133286
0 0 936 0.0138379
0 0 937 0.0143709
0 0 938 0.0149276
0 0 939 0.0155046
0 0 940 0.0161036
0 0 941 0.0167213
0 0 942 0.0173626
0 0 943 0.0180242
0 0 944 0.0187095
0 0 945 0.0194269
0 0 946 0.0201765
0 0 947 0.0209667
0 0 948 0.0218043
0 0 949 0.0226961
0 0 950 0.0236403
0 0 951 0.0246369
0 0 952 0.0256742
0 0 953 0.0267317
0 0 954 0.0277808
0 0 955 0.0287961
0 0 956 0.029742
0 0 957 0.0305864
0 0 958 0.0313072
0 0 959 0.0318927
0 0 960 0.0323478
0 0 961 0.0326863
0 0 962 0.0329451
0 0 963 0.0331617
0 0 964 0.0333885
0 0 965 0.0336778
0 0 966 0.0340941
0 0 967 0.0346999
0 0 968 0.0355645
0 0 969 0.0367507
0 0 970 0.038304
0 0 971 0.0402415
0 0 972 0.0425292
0 0 973 0.0450792
0 0 974 0.0477341
0 0 975 0.0502858
0 0 976 0.0525093
0 0 977 0.0541997
0 0 978 0.055198
0 0 979 0.0554434
0 0 980 0.0549696
0 0 981 0.0538968
0 0 982 0.0524043
0 0 983 0.0506852
0 0 984 0.0489152
0 0 985 0.0472164
0 0 986 0.0456613
0 0 987 0.0442636
0 0 988 0.0429996
0 0 989 0.0418321
0 0 990 0.0407102
0 0 991 0.0395985
0 0 992 0.0384733
0 0 993 0.0373243
0 0 994 0.0361618
0 0 995 0.034996
0 0 996 0.0338521
0 0 997 0.0327522
0 0 998 0.0317235
0 0 999 0.0307877
0 0 1000 0.0299687
0 0 1001 0.0292885
0 0 1002 0.0287623
0 0 1003 0.0284069
0 0 1004 0.0282394
0 0 1005 0.0282682
0 0 1006 0.0285051
0 0 1007 0.0289552
0 0 1008 0.0296252
0 0 1009 0.0305085
0 0 1010 0.0315999
0 0 1011 0.0328876
0 0 1012 0.0343513
0 0 1013 0.0359622
0 0 1014 0.0376881
0 0 1015 0.0394885
0 0 1016 0.0413177
0 0 1017 0.0431215
0 0 1018 0.0448474
0 0 1019 0.0464431
0 0 1020 0.0478509
0 0 1021 0.0490269
0 0 1022 0.0499288
0 0 1023 0.0505244
