# 0.0 0.0 1.0 1 1400.0 0.0 128 5 1 SRC
0 1.994000
1 1.761600
2 1.256800
3 0.747700
4 0.459300
5 0.285200
6 0.179100
7 0.112000
8 0.075200
9 0.027500
10 0.013200
11 0.005200
12 -0.000200
13 -0.010800
14 0.003700
15 -0.022300
16 -0.010200
17 -0.013200
18 -0.019500
19 0.001300
20 0.002300
21 -0.014900
22 -0.020200
23 -0.012300
24 -0.012500
25 -0.011600
26 -0.006200
27 -0.004400
28 -0.011400
29 -0.003700
30 0.005300
31 0.024300
32 0.030300
33 0.033000
34 0.039300
35 0.056400
36 0.109500
37 0.187400
38 0.394200
39 0.699900
40 0.719200
41 0.660600
42 0.809000
43 0.598900
44 0.283800
45 0.156500
46 0.088900
47 0.065900
48 0.036500
49 0.018400
50 0.035600
51 0.038900
52 0.050700
53 0.064100
54 0.085200
55 0.115000
56 0.154300
57 0.229300
58 0.313700
59 0.340000
60 0.332100
61 0.237100
62 0.134700
63 0.100700
64 0.100600
65 0.110100
66 0.081200
67 0.081300
68 0.084700
69 0.057900
70 0.033600
71 0.007700
72 -0.004900
73 -0.007400
74 -0.018600
75 -0.021000
76 -0.016800
77 -0.017700
78 0.001000
79 -0.022000
80 -0.007600
81 -0.006800
82 -0.020200
83 -0.020400
84 -0.017500
85 -0.028400
86 -0.004200
87 -0.009500
88 -0.007900
89 -0.007900
90 -0.011500
91 0.003700
92 -0.003900
93 -0.006500
94 0.002700
95 0.019900
96 0.027000
97 -0.003600
98 0.030300
99 0.028500
100 0.035300
101 0.037900
102 0.065600
103 0.085600
104 0.074300
105 0.102100
106 0.130900
107 0.126100
108 0.164600
109 0.202100
110 0.238300
111 0.340400
112 0.442800
113 0.630400
114 0.848600
115 0.989100
116 1.045000
117 1.157800
118 1.323800
119 1.487400
120 1.546000
121 1.512500
122 1.435600
123 1.348100
124 1.325500
125 1.471600
126 1.739400
127 1.941200
